4 7 1 2 2
4 12 3 2 4
4 8 1 2 2
4 11 1 2 2
4 11 1 2 2
4 11 2 2 3
4 8 1 2 2
4 9 1 2 2
4 7 1 2 2
4 5 1 2 2
4 6 1 2 2
4 10 2 2 3
4 8 2 2 3
4 7 1 2 2
4 8 1 2 2
4 8 1 2 2
4 8 2 2 3
4 11 3 2 4
4 7 2 2 3
4 8 2 2 3
4 6 2 2 3
4 7 2 2 3
4 11 1 2 2
4 12 2 2 3
4 8 2 2 3
4 8 2 2 3
4 7 1 2 2
4 8 1 2 2
4 6 2 2 3
4 6 1 2 2
4 6 1 2 2
4 6 2 2 3
4 7 1 2 2
4 9 1 2 2
4 7 1 2 2
4 8 1 2 2
4 9 1 2 2
4 8 1 2 2
4 6 1 2 2
4 7 2 2 3
4 5 1 2 2
4 8 1 2 2
4 7 1 2 2
4 12 3 2 4
4 8 1 2 2
4 11 1 2 2
4 11 1 2 2
4 11 2 2 3
4 8 1 2 2
4 9 1 2 2
4 7 1 2 2
4 5 1 2 2
4 6 1 2 2
4 10 2 2 3
4 8 2 2 3
4 7 1 2 2
4 8 1 2 2
4 8 1 2 2
4 8 2 2 3
4 11 3 2 4
4 7 2 2 3
4 8 2 2 3
4 6 2 2 3
4 7 2 2 3
4 11 1 2 2
4 12 2 2 3
4 8 2 2 3
4 8 2 2 3
4 7 1 2 2
4 8 1 2 2
4 6 2 2 3
4 6 1 2 2
4 6 1 2 2
4 6 2 2 3
4 7 1 2 2
4 9 1 2 2
4 7 1 2 2
4 8 1 2 2
4 9 1 2 2
4 8 1 2 2
4 6 1 2 2
4 7 2 2 3
4 5 1 2 2
4 8 1 2 2
