4 8 2 3 3
4 6 2 2 3
4 8 2 3 4
4 8 1 3 3
4 5 3 3 4
4 6 2 3 3
4 9 2 3 4
4 5 2 3 3
4 5 3 3 4
4 9 2 3 3
4 8 2 3 3
4 7 2 3 3
4 7 2 3 3
4 9 1 3 3
4 7 2 3 3
4 5 2 3 3
4 5 2 3 3
4 5 3 3 4
4 8 1 3 3
4 9 1 3 3
4 5 3 3 4
4 5 3 3 4
4 7 2 3 3
4 6 3 3 4
4 10 2 3 3
4 7 2 3 4
4 6 2 3 3
4 4 4 4 4
4 9 2 3 3
4 8 2 3 3
4 5 2 3 3
4 8 2 3 4
4 8 2 3 3
4 7 2 3 3
4 11 2 3 3
4 7 2 3 3
4 10 2 3 3
4 5 3 3 4
4 6 2 3 3
4 6 2 3 3
4 6 2 3 3
4 8 2 3 3
4 7 2 3 3
4 7 2 3 3
4 5 2 3 3
4 5 3 3 4
4 6 2 3 4
4 5 3 3 4
4 5 3 2 4
4 5 3 3 4
4 8 3 3 4
4 5 3 3 4
4 5 2 3 3
4 6 2 3 3
4 5 3 3 4
4 6 2 3 4
4 5 3 3 4
4 5 3 3 4
4 7 2 3 3
4 5 2 3 4
4 7 1 3 3
4 5 2 3 3
4 10 1 3 3
4 5 2 3 3
4 11 1 3 3
4 5 3 3 4
4 8 2 3 3
4 7 1 3 3
4 5 2 3 3
4 8 2 3 4
4 10 2 3 3
4 6 2 3 3
4 6 2 3 3
4 7 2 3 3
4 9 2 3 3
4 5 2 3 3
4 11 2 2 3
4 7 2 3 4
4 5 3 3 4
4 8 2 3 3
4 5 3 3 4
4 9 2 3 3
4 6 2 3 3
4 6 1 3 3
4 7 2 3 4
4 8 2 3 3
4 5 3 3 4
4 5 3 3 4
4 8 2 3 3
4 10 2 3 4
4 5 2 3 3
4 13 3 3 4
4 5 3 3 4
4 5 2 3 3
4 12 1 2 3
4 14 2 3 3
4 5 2 3 3
4 7 2 3 3
4 4 4 4 4
4 7 1 3 3
4 8 2 3 3
4 6 3 3 4
4 6 3 3 4
4 5 3 2 4
4 9 2 3 3
4 5 3 3 4
4 5 3 3 4
4 6 3 3 4
4 9 2 3 3
4 8 2 3 3
4 6 2 3 3
4 18 2 3 3
4 8 2 3 3
4 6 2 3 3
4 7 2 3 3
4 7 3 3 4
4 5 3 3 4
4 8 1 3 3
4 5 3 3 4
4 5 3 3 4
4 9 2 3 3
4 5 3 2 4
4 5 2 3 3
4 11 2 3 3
4 8 2 3 3
4 9 2 3 3
4 5 3 3 4
4 5 2 4 4
4 8 1 3 3
4 5 3 3 4
4 5 3 3 4
4 10 2 2 3
4 7 2 2 3
4 10 1 3 3
4 5 3 3 4
4 8 2 2 3
4 7 3 3 4
4 7 2 3 3
4 7 2 3 3
4 5 3 3 4
4 8 2 3 4
4 8 2 3 3
4 5 3 2 4
4 7 2 3 3
4 7 1 3 3
4 6 2 3 4
4 6 3 3 4
4 5 3 2 4
4 5 3 3 4
4 7 1 3 3
4 5 2 3 3
4 5 2 3 3
4 10 1 3 3
4 5 3 3 4
4 10 3 3 4
4 6 2 3 3
4 10 2 3 3
4 6 3 3 4
4 9 1 3 3
4 6 3 3 4
4 7 2 3 3
4 5 3 3 4
4 5 3 3 4
4 5 3 3 4
4 5 2 3 4
4 6 2 3 3
4 5 2 3 3
4 5 3 3 4
4 5 3 2 4
4 7 1 3 3
4 5 2 3 3
4 10 2 3 3
4 5 3 2 4
4 9 2 2 3
4 10 2 3 3
4 5 3 2 4
4 5 2 3 3
4 8 2 3 3
4 6 2 3 3
4 5 2 3 3
4 5 1 4 4
4 7 3 3 4
4 6 2 3 3
4 7 2 3 3
4 6 2 3 3
4 5 3 3 4
4 5 3 3 4
4 8 2 3 3
4 8 3 3 4
4 10 3 3 4
4 7 2 3 3
4 7 1 3 3
4 12 2 3 3
4 5 3 3 4
4 6 1 3 3
4 7 2 3 3
4 7 1 3 3
4 9 2 3 3
4 7 2 3 3
4 8 2 3 3
4 7 2 3 4
4 6 2 3 3
4 9 2 3 4
4 7 1 3 3
4 6 2 3 3
4 9 2 3 3
4 6 2 3 3
4 6 2 3 3
4 7 2 3 4
4 10 2 3 3
4 7 2 3 4
4 7 3 3 4
4 5 3 3 4
4 8 1 3 3
4 6 2 3 3
4 6 2 3 3
4 15 2 3 3
4 5 2 3 3
4 14 2 3 4
4 5 2 3 3
4 7 2 3 3
4 5 3 2 4
4 4 4 4 4
4 6 3 3 4
4 8 1 3 3
4 5 2 4 4
4 5 3 3 4
4 11 2 3 3
4 6 2 3 3
4 6 2 3 3
4 5 2 3 3
4 6 1 2 3
4 8 1 3 3
4 5 3 3 4
4 5 3 3 4
4 8 2 3 3
4 6 2 3 3
4 11 1 3 4
4 6 2 3 4
4 7 2 2 3
4 9 1 3 4
4 5 2 3 3
4 13 2 3 3
4 7 2 3 3
4 13 2 2 3
4 6 2 3 4
4 11 2 3 4
4 7 2 3 3
4 4 4 4 4
4 6 3 3 4
4 9 2 3 4
4 12 3 3 4
4 7 2 3 3
4 5 3 3 4
4 7 2 3 3
4 6 2 3 3
4 7 2 3 3
4 6 1 3 4
4 7 2 3 3
4 15 2 3 3
4 9 2 3 3
4 9 1 3 3
4 7 1 3 3
4 6 2 3 3
4 7 2 3 3
4 9 2 3 3
4 6 2 3 3
4 8 3 3 4
4 6 3 3 4
4 5 3 3 4
4 8 2 3 3
4 14 1 3 3
4 6 2 3 4
4 6 3 3 4
4 7 2 3 3
4 5 2 3 3
4 6 2 3 3
4 7 3 3 4
4 5 3 3 4
4 7 2 3 3
4 5 3 3 4
4 5 3 3 4
4 8 2 3 3
4 6 2 3 3
4 12 2 3 3
4 10 3 3 4
4 7 2 3 3
4 6 3 3 4
4 5 3 2 4
4 5 2 3 3
4 6 2 3 3
4 7 1 3 3
4 8 2 3 4
4 10 1 3 3
4 7 2 3 3
4 7 3 3 4
4 4 4 4 4
4 4 4 4 4
4 8 2 3 3
4 4 4 4 4
4 7 2 3 3
4 6 2 3 4
4 7 3 3 4
4 7 1 3 3
4 5 3 3 4
4 9 2 3 3
4 7 2 3 3
4 7 3 3 4
4 10 2 3 3
4 8 2 3 3
4 9 1 3 3
4 9 3 2 4
4 9 3 3 4
4 4 4 4 4
4 12 3 3 4
4 5 3 3 4
4 6 3 3 4
4 14 2 3 3
4 9 2 2 3
4 5 3 3 4
4 7 2 3 3
4 5 2 3 3
4 6 2 2 3
4 5 3 2 4
4 7 3 3 4
4 6 2 3 3
4 7 2 3 3
4 5 2 3 4
4 6 2 3 3
4 6 2 3 3
4 8 2 3 4
4 6 2 3 3
4 12 2 3 3
4 9 2 3 3
4 7 2 3 3
4 10 1 3 3
4 8 1 3 3
4 8 3 3 4
4 9 2 3 3
4 6 1 3 3
4 9 2 2 3
4 8 2 3 3
4 7 3 3 4
4 5 3 3 4
4 5 3 3 4
4 9 2 3 3
4 6 3 3 4
4 5 2 3 3
4 19 2 3 3
4 5 2 3 3
4 9 2 3 3
4 6 2 3 3
4 6 3 3 4
4 5 3 2 4
4 4 4 4 4
4 15 2 3 4
4 7 2 3 3
4 6 2 3 3
4 7 2 3 3
4 8 2 3 3
4 7 2 3 3
4 6 2 3 4
4 5 3 3 4
4 8 2 3 3
4 7 1 3 4
4 11 2 3 3
4 5 2 3 3
4 6 2 3 4
4 6 3 3 4
4 15 2 3 4
4 5 3 3 4
4 12 2 3 3
4 7 2 3 4
4 14 1 3 3
4 6 3 3 4
4 6 2 2 3
4 6 1 3 3
4 8 2 3 3
4 8 2 3 3
4 5 3 3 4
4 7 2 3 3
4 4 4 4 4
4 5 2 3 3
4 7 1 3 3
4 6 2 3 4
4 7 1 3 3
4 9 2 3 3
4 10 3 3 4
4 11 2 3 3
4 6 2 3 3
4 6 2 3 4
4 7 2 4 4
4 7 2 3 3
4 17 1 3 3
4 7 1 3 3
4 8 2 3 3
4 8 2 3 3
4 13 2 3 3
4 5 3 3 4
4 5 1 4 4
4 6 3 3 4
4 5 2 3 3
4 5 3 3 4
4 6 3 3 4
4 14 1 3 3
4 5 3 3 4
4 6 2 3 3
4 5 3 3 4
4 6 2 3 3
4 7 1 3 3
4 6 2 3 4
4 8 1 3 3
4 5 3 3 4
4 8 2 3 3
4 10 3 3 4
4 8 2 3 3
4 11 2 2 4
4 4 4 4 4
4 7 2 2 3
4 5 2 3 3
4 5 3 3 4
4 8 2 3 3
4 12 2 3 3
4 7 2 3 4
4 7 2 3 3
4 9 3 3 4
4 7 1 3 3
4 7 2 3 4
4 7 2 3 3
4 6 2 3 3
4 10 2 2 3
4 7 2 3 3
4 5 3 3 4
4 5 3 3 4
4 7 2 3 3
4 5 3 3 4
4 4 4 4 4
4 9 2 3 4
4 6 2 3 3
4 6 2 3 3
4 6 3 3 4
4 8 2 3 3
4 5 3 3 4
4 7 2 3 3
4 7 2 3 3
4 5 2 3 3
4 6 2 3 4
4 8 3 3 4
4 8 2 3 3
4 6 2 3 3
4 6 3 3 4
4 14 2 3 4
4 6 2 3 4
4 6 1 3 4
4 5 3 3 4
4 6 2 3 3
4 6 3 3 4
4 5 2 3 3
4 9 2 3 3
4 5 3 3 4
4 7 2 3 3
4 12 2 3 4
4 7 1 3 3
4 5 3 3 4
4 8 2 3 3
4 7 2 3 4
4 7 2 3 3
4 7 2 3 3
4 6 2 3 3
4 6 3 3 4
4 7 1 3 3
4 9 1 3 3
4 10 1 3 3
4 7 3 3 4
4 5 3 3 4
4 5 3 3 4
4 5 2 4 4
4 6 3 3 4
4 7 1 3 3
4 7 2 3 4
4 6 2 3 4
4 7 2 3 3
4 10 2 3 3
4 10 1 3 3
4 7 2 3 3
4 5 3 3 4
4 6 3 3 4
4 5 3 3 4
4 7 2 3 3
4 5 2 3 3
4 5 2 3 3
4 5 2 3 3
4 5 3 3 4
4 5 3 3 4
4 7 2 3 3
4 6 2 3 4
4 6 3 3 4
4 8 2 3 4
4 6 2 3 3
4 8 2 3 3
4 7 2 3 4
4 6 2 3 4
4 5 2 3 3
4 7 1 3 3
4 6 2 3 3
4 5 3 3 4
4 5 2 4 4
4 4 4 4 4
4 6 3 3 4
4 6 2 3 3
4 6 3 3 4
4 9 1 3 3
4 9 2 3 3
4 7 2 3 3
4 5 3 3 4
4 7 2 3 4
4 7 3 3 4
4 9 2 3 3
4 10 1 3 4
4 7 2 3 4
4 5 2 3 3
4 8 2 3 4
4 5 3 3 4
4 7 1 3 3
4 14 2 3 4
4 5 3 3 4
4 7 2 3 3
4 8 2 2 3
4 11 2 3 3
4 6 3 3 4
4 14 2 3 3
4 6 3 3 4
4 8 2 3 3
4 7 2 3 4
4 6 3 3 4
4 6 2 3 3
4 9 1 3 3
4 7 1 3 3
4 7 2 3 3
4 7 2 2 3
4 7 1 3 3
4 5 3 3 4
4 13 2 3 3
4 8 1 3 3
4 7 2 3 3
4 6 2 3 4
4 7 2 3 4
4 7 2 3 4
4 5 3 3 4
4 5 3 3 4
4 6 2 3 3
4 19 2 3 4
4 7 2 3 3
4 8 2 3 4
4 6 2 3 3
4 9 1 3 3
4 12 2 3 3
4 5 3 3 4
4 5 3 3 4
4 5 3 3 4
4 6 2 3 4
4 6 2 3 4
4 10 2 3 3
4 14 2 3 3
4 5 2 3 3
4 8 1 3 3
4 5 1 4 4
4 9 2 3 3
4 8 2 3 3
4 5 3 3 4
4 5 3 3 4
4 5 2 3 3
4 6 2 3 4
4 8 2 3 3
4 7 2 3 3
4 7 2 3 3
4 6 2 3 3
4 7 1 3 3
4 6 2 3 3
4 6 3 3 4
4 6 3 3 4
4 10 2 3 3
4 11 2 3 4
4 7 3 3 4
4 8 2 3 4
4 7 1 3 3
4 6 2 3 4
4 5 2 2 3
4 10 2 3 3
4 6 2 3 3
4 8 2 3 3
4 10 2 3 4
4 8 1 3 3
4 7 2 3 4
4 5 2 3 3
4 7 1 3 3
4 7 2 3 4
4 7 2 3 3
4 8 2 3 3
4 5 3 3 4
4 7 2 3 3
4 5 3 3 4
4 5 3 3 4
4 7 2 3 3
4 9 2 3 3
4 5 3 3 4
4 6 2 3 4
4 8 2 3 3
4 8 1 3 3
4 7 1 3 3
4 7 2 3 3
4 8 2 3 4
4 9 2 3 4
4 5 3 3 4
4 6 3 3 4
4 5 3 3 4
4 5 3 3 4
4 7 2 3 3
4 6 2 3 3
4 6 2 3 3
4 7 2 3 3
4 6 2 3 4
4 9 2 3 3
4 8 2 2 4
4 8 2 3 3
4 4 4 4 4
4 10 1 3 3
4 6 2 3 3
4 4 4 4 4
4 7 2 3 3
4 10 2 3 3
4 8 2 3 3
4 8 2 3 4
4 6 3 3 4
4 6 3 3 4
4 7 2 3 4
4 5 2 3 3
4 5 2 3 3
4 7 2 3 3
4 5 2 3 3
4 6 1 2 3
4 7 2 3 4
4 6 2 3 4
4 7 1 3 4
4 8 2 3 3
4 4 4 4 4
4 5 2 3 4
4 5 3 3 4
4 5 3 3 4
4 4 4 4 4
4 4 4 4 4
4 11 2 3 4
4 9 2 3 3
4 6 2 3 3
4 6 2 3 3
4 9 2 3 3
4 5 3 3 4
4 5 3 3 4
4 6 2 3 3
4 10 1 3 3
4 5 2 2 3
4 7 3 3 4
4 8 2 3 3
4 8 3 3 4
4 7 2 3 3
4 11 2 3 3
4 7 2 3 3
4 6 2 3 3
4 5 3 3 4
4 6 3 3 4
4 4 4 4 4
4 5 3 3 4
4 5 3 3 4
4 5 3 3 4
4 6 3 3 4
4 12 3 3 4
4 7 1 3 3
4 5 2 3 3
4 7 2 3 3
4 5 3 3 4
4 7 2 3 3
4 8 1 3 3
4 4 4 4 4
4 7 2 3 4
4 5 3 2 4
4 6 2 3 4
4 6 3 3 4
4 5 3 3 4
4 6 2 3 3
4 8 2 3 3
4 8 1 3 3
4 8 1 3 3
4 5 3 3 4
4 7 2 3 3
4 7 2 3 3
4 5 2 3 4
4 8 2 3 3
4 5 2 3 3
4 10 1 3 4
4 8 2 3 3
4 12 2 3 3
4 4 4 4 4
4 5 3 3 4
4 7 2 3 3
4 5 2 3 3
4 10 2 3 3
4 5 3 3 4
4 8 2 3 4
4 5 2 3 3
4 5 3 3 4
4 6 2 2 3
4 8 1 3 3
4 9 2 3 3
4 5 3 3 4
4 5 2 3 3
4 23 3 3 4
4 15 1 2 3
4 13 2 3 3
4 7 2 3 3
4 5 3 3 4
4 6 2 3 3
4 6 2 3 3
4 7 2 3 3
4 6 2 3 3
4 7 1 3 3
4 11 2 3 4
4 5 3 3 4
4 5 3 3 4
4 6 2 3 3
4 7 1 3 3
4 5 3 3 4
4 6 2 3 3
4 5 2 3 3
4 8 2 3 4
4 4 4 4 4
4 5 3 3 4
4 8 2 3 3
4 7 2 3 3
4 4 4 4 4
4 4 4 4 4
4 4 4 4 4
4 5 2 3 3
4 7 1 2 3
4 8 2 3 3
4 13 1 3 4
4 5 2 3 3
4 6 2 2 3
4 13 3 2 4
4 9 3 3 4
4 8 1 3 3
4 5 2 3 3
4 7 2 3 3
4 5 3 3 4
4 7 3 2 4
4 6 3 3 4
4 6 2 3 3
4 7 1 3 3
4 5 2 3 4
4 5 2 3 3
4 7 1 3 3
4 6 3 3 4
4 6 3 3 4
4 6 3 3 4
4 7 1 3 3
4 5 3 3 4
4 8 3 3 4
4 5 3 3 4
4 15 1 3 3
4 6 2 3 3
4 5 3 3 4
4 7 2 3 3
4 7 2 3 4
4 7 3 3 4
4 6 3 3 4
4 5 3 3 4
4 5 3 3 4
4 7 2 3 3
4 7 2 3 3
4 7 2 3 3
4 7 2 3 3
4 5 2 3 3
4 5 2 3 3
4 9 3 3 4
4 8 2 3 3
4 6 2 3 3
4 6 3 3 4
4 11 3 3 4
4 5 2 3 3
4 7 2 3 3
4 5 3 3 4
4 7 2 3 4
4 5 3 3 4
4 7 1 3 3
4 5 3 3 4
4 7 1 3 3
4 6 2 3 3
4 5 3 3 4
4 5 2 3 3
4 5 3 3 4
4 6 2 3 4
4 10 2 3 3
4 7 2 3 3
4 4 4 4 4
4 5 2 2 3
4 5 3 2 4
4 6 2 3 3
4 10 3 2 4
4 8 2 3 4
4 9 2 3 3
4 7 2 3 3
4 5 3 3 4
4 7 2 3 3
4 7 2 3 3
4 5 3 3 4
4 7 1 3 3
4 9 3 3 4
4 8 2 3 3
4 9 2 3 4
4 6 2 3 3
4 7 2 3 3
4 6 2 3 3
4 6 3 3 4
4 7 2 3 4
4 5 2 3 3
4 9 2 3 3
4 7 2 3 3
4 7 2 3 4
4 11 2 3 3
4 5 2 3 3
4 5 3 3 4
4 7 2 3 3
4 8 2 3 3
4 5 3 3 4
4 5 3 3 4
4 4 4 4 4
4 8 2 2 3
4 6 3 3 4
4 6 3 3 4
4 7 1 3 3
4 6 2 3 3
4 5 3 3 4
4 7 2 3 3
4 7 2 2 3
4 6 1 3 3
4 7 1 3 3
4 6 2 3 3
4 13 1 3 3
4 6 2 3 3
4 8 2 2 3
4 15 2 3 3
4 6 3 3 4
4 6 2 3 3
4 5 3 3 4
4 8 1 3 3
4 7 2 3 3
4 10 2 3 3
4 6 2 3 3
4 4 4 4 4
4 5 2 3 3
4 6 2 3 4
4 6 2 3 3
4 8 2 3 4
4 7 2 3 4
4 5 3 3 4
4 13 2 3 4
4 7 1 3 3
4 6 3 3 4
4 5 3 3 4
4 6 2 3 4
4 10 1 3 3
4 5 3 3 4
4 6 2 3 3
4 7 2 3 3
4 7 3 3 4
4 7 2 3 3
4 6 2 3 3
4 8 1 3 3
4 9 3 3 4
4 9 2 3 3
4 9 2 2 3
4 16 2 3 3
4 8 2 3 3
4 5 3 3 4
4 7 2 3 4
4 9 2 3 3
4 7 1 3 3
4 5 2 3 3
4 7 2 3 4
4 5 3 3 4
4 5 3 3 4
4 6 3 3 4
4 6 1 3 3
4 5 3 3 4
4 6 2 3 3
4 6 3 3 4
4 7 2 3 3
4 6 3 3 4
4 9 1 3 3
4 6 2 3 4
4 8 2 3 3
4 5 3 3 4
4 7 2 3 4
4 7 1 3 3
4 5 2 3 3
4 7 3 3 4
4 6 2 3 3
4 4 4 4 4
4 7 2 3 3
4 5 3 3 4
4 9 2 3 4
4 8 2 3 3
4 7 2 3 3
4 9 1 3 3
4 6 1 3 3
4 8 2 3 3
4 8 2 3 3
4 6 2 3 3
4 8 2 3 3
4 5 2 3 4
4 6 2 3 3
4 8 1 3 3
4 5 3 3 4
4 7 2 3 3
4 10 2 3 3
4 6 2 3 3
4 8 2 3 3
4 5 3 3 4
4 14 2 3 4
4 7 2 3 4
4 8 1 3 3
4 5 3 3 4
4 5 2 3 4
4 5 3 3 4
4 5 3 3 4
4 5 3 3 4
4 5 3 3 4
4 4 4 4 4
4 4 4 4 4
4 7 2 3 3
4 6 3 2 4
4 10 2 3 3
4 4 4 4 4
4 4 4 4 4
4 7 2 3 3
4 5 3 3 4
4 20 2 3 3
4 11 2 3 4
4 9 2 3 3
4 7 2 2 3
4 7 2 2 3
4 7 2 2 3
4 7 2 2 3
4 7 2 2 3
4 9 2 3 3
4 6 2 3 3
4 5 3 3 4
4 6 2 3 3
4 7 2 3 3
4 5 3 3 4
4 5 3 3 4
4 5 3 3 4
4 5 2 3 3
4 10 2 3 3
4 7 2 3 4
4 8 2 3 3
4 11 2 2 3
4 8 1 3 3
4 4 4 4 4
4 8 2 3 3
4 5 3 3 4
4 7 2 3 3
4 7 2 3 4
4 7 2 3 3
4 8 3 3 4
4 6 2 3 3
4 9 1 3 3
4 5 3 3 4
4 10 3 3 4
4 6 3 3 4
4 5 2 3 3
4 7 2 3 3
4 5 3 3 4
4 5 2 3 3
4 6 2 3 4
4 7 3 3 4
4 5 3 3 4
4 7 2 3 4
4 7 3 2 4
4 7 2 3 4
4 7 2 3 4
4 5 3 3 4
4 7 2 3 3
4 8 2 3 3
4 9 2 3 3
4 5 3 3 4
4 8 2 3 4
4 9 2 3 4
4 4 4 4 4
4 10 2 3 3
4 5 2 3 3
4 7 1 3 3
4 7 2 3 3
4 13 2 3 3
4 5 3 3 4
4 6 3 3 4
4 8 1 3 3
4 7 2 3 3
4 7 3 3 4
4 7 2 3 4
4 8 2 3 3
4 5 3 3 4
4 8 1 3 3
4 5 3 2 4
4 6 2 3 3
4 5 3 3 4
4 6 3 3 4
4 4 4 4 4
4 6 2 3 3
4 7 2 3 3
4 5 3 3 4
4 12 3 3 4
4 6 1 3 3
4 8 2 3 4
4 6 3 3 4
4 10 2 3 3
4 8 3 3 4
4 6 2 3 3
4 8 1 3 3
4 5 2 3 4
4 8 2 3 4
4 6 2 3 3
4 7 1 3 3
4 5 3 2 4
4 5 3 3 4
4 7 2 3 3
4 7 2 3 3
4 5 3 3 4
4 5 3 3 4
4 7 1 3 3
4 9 2 3 3
4 8 2 3 3
4 5 3 3 4
4 6 2 3 3
4 8 2 3 3
4 6 2 2 3
4 8 2 3 4
4 8 1 3 3
4 5 3 3 4
4 6 2 3 3
4 9 2 3 4
4 5 2 3 3
4 5 3 3 4
4 9 2 3 3
4 8 2 3 3
4 7 2 3 3
4 7 2 3 3
4 9 1 3 3
4 7 2 3 3
4 5 2 3 3
4 5 2 3 3
4 5 3 3 4
4 8 1 3 3
4 9 1 3 3
4 5 3 3 4
4 5 3 3 4
4 7 2 3 3
4 6 3 3 4
4 10 2 3 3
4 7 2 3 4
4 6 2 3 3
4 4 4 4 4
4 9 2 3 3
4 8 2 3 3
4 5 2 3 3
4 8 2 3 4
4 8 2 3 3
4 7 2 3 3
4 11 2 3 3
4 7 2 3 3
4 10 2 3 3
4 5 3 3 4
4 6 2 3 3
4 6 2 3 3
4 6 2 3 3
4 8 2 3 3
4 7 2 3 3
4 7 2 3 3
4 5 2 3 3
4 5 3 3 4
4 6 2 3 4
4 5 3 3 4
4 5 3 2 4
4 5 3 3 4
4 8 3 3 4
4 5 3 3 4
4 5 2 3 3
4 6 2 3 3
4 5 3 3 4
4 6 2 3 4
4 5 3 3 4
4 5 3 3 4
4 7 2 3 3
4 5 2 3 4
4 7 1 3 3
4 5 2 3 3
4 10 1 3 3
4 5 2 3 3
4 11 1 3 3
4 5 3 3 4
4 8 2 3 3
4 7 1 3 3
4 5 2 3 3
4 8 2 3 4
4 10 2 3 3
4 6 2 3 3
4 6 2 3 3
4 7 2 3 3
4 9 2 3 3
4 5 2 3 3
4 11 2 2 3
4 7 2 3 4
4 5 3 3 4
4 8 2 3 3
4 5 3 3 4
4 9 2 3 3
4 6 2 3 3
4 6 1 3 3
4 7 2 3 4
4 8 2 3 3
4 5 3 3 4
4 5 3 3 4
4 8 2 3 3
4 10 2 3 4
4 5 2 3 3
4 13 3 3 4
4 5 3 3 4
4 5 2 3 3
4 12 1 2 3
4 14 2 3 3
4 5 2 3 3
4 7 2 3 3
4 4 4 4 4
4 7 1 3 3
4 8 2 3 3
4 6 3 3 4
4 6 3 3 4
4 5 3 2 4
4 9 2 3 3
4 5 3 3 4
4 5 3 3 4
4 6 3 3 4
4 9 2 3 3
4 8 2 3 3
4 6 2 3 3
4 18 2 3 3
4 8 2 3 3
4 6 2 3 3
4 7 2 3 3
4 7 3 3 4
4 5 3 3 4
4 8 1 3 3
4 5 3 3 4
4 5 3 3 4
4 9 2 3 3
4 5 3 2 4
4 5 2 3 3
4 11 2 3 3
4 8 2 3 3
4 9 2 3 3
4 5 3 3 4
4 5 2 4 4
4 8 1 3 3
4 5 3 3 4
4 5 3 3 4
4 10 2 2 3
4 7 2 2 3
4 10 1 3 3
4 5 3 3 4
4 8 2 2 3
4 7 3 3 4
4 7 2 3 3
4 7 2 3 3
4 5 3 3 4
4 8 2 3 4
4 8 2 3 3
4 5 3 2 4
4 7 2 3 3
4 7 1 3 3
4 6 2 3 4
4 6 3 3 4
4 5 3 2 4
4 5 3 3 4
4 7 1 3 3
4 5 2 3 3
4 5 2 3 3
4 10 1 3 3
4 5 3 3 4
4 10 3 3 4
4 6 2 3 3
4 10 2 3 3
4 6 3 3 4
4 9 1 3 3
4 6 3 3 4
4 7 2 3 3
4 5 3 3 4
4 5 3 3 4
4 5 3 3 4
4 5 2 3 4
4 6 2 3 3
4 5 2 3 3
4 5 3 3 4
4 5 3 2 4
4 7 1 3 3
4 5 2 3 3
4 10 2 3 3
4 5 3 2 4
4 9 2 2 3
4 10 2 3 3
4 5 3 2 4
4 5 2 3 3
4 8 2 3 3
4 6 2 3 3
4 5 2 3 3
4 5 1 4 4
4 7 3 3 4
4 6 2 3 3
4 7 2 3 3
4 6 2 3 3
4 5 3 3 4
4 5 3 3 4
4 8 2 3 3
4 8 3 3 4
4 10 3 3 4
4 7 2 3 3
4 7 1 3 3
4 12 2 3 3
4 5 3 3 4
4 6 1 3 3
4 7 2 3 3
4 7 1 3 3
4 9 2 3 3
4 7 2 3 3
4 8 2 3 3
4 7 2 3 4
4 6 2 3 3
4 9 2 3 4
4 7 1 3 3
4 6 2 3 3
4 9 2 3 3
4 6 2 3 3
4 6 2 3 3
4 7 2 3 4
4 10 2 3 3
4 7 2 3 4
4 7 3 3 4
4 5 3 3 4
4 8 1 3 3
4 6 2 3 3
4 6 2 3 3
4 15 2 3 3
4 5 2 3 3
4 14 2 3 4
4 5 2 3 3
4 7 2 3 3
4 5 3 2 4
4 4 4 4 4
4 6 3 3 4
4 8 1 3 3
4 5 2 4 4
4 5 3 3 4
4 11 2 3 3
4 6 2 3 3
4 6 2 3 3
4 5 2 3 3
4 6 1 2 3
4 8 1 3 3
4 5 3 3 4
4 5 3 3 4
4 8 2 3 3
4 6 2 3 3
4 11 1 3 4
4 6 2 3 4
4 7 2 2 3
4 9 1 3 4
4 5 2 3 3
4 13 2 3 3
4 7 2 3 3
4 13 2 2 3
4 6 2 3 4
4 11 2 3 4
4 7 2 3 3
4 4 4 4 4
4 6 3 3 4
4 9 2 3 4
4 12 3 3 4
4 7 2 3 3
4 5 3 3 4
4 7 2 3 3
4 6 2 3 3
4 7 2 3 3
4 6 1 3 4
4 7 2 3 3
4 15 2 3 3
4 9 2 3 3
4 9 1 3 3
4 7 1 3 3
4 6 2 3 3
4 7 2 3 3
4 9 2 3 3
4 6 2 3 3
4 8 3 3 4
4 6 3 3 4
4 5 3 3 4
4 8 2 3 3
4 14 1 3 3
4 6 2 3 4
4 6 3 3 4
4 7 2 3 3
4 5 2 3 3
4 6 2 3 3
4 7 3 3 4
4 5 3 3 4
4 7 2 3 3
4 5 3 3 4
4 5 3 3 4
4 8 2 3 3
4 6 2 3 3
4 12 2 3 3
4 10 3 3 4
4 7 2 3 3
4 6 3 3 4
4 5 3 2 4
4 5 2 3 3
4 6 2 3 3
4 7 1 3 3
4 8 2 3 4
4 10 1 3 3
4 7 2 3 3
4 7 3 3 4
4 4 4 4 4
4 4 4 4 4
4 8 2 3 3
4 4 4 4 4
4 7 2 3 3
4 6 2 3 4
4 7 3 3 4
4 7 1 3 3
4 5 3 3 4
4 9 2 3 3
4 7 2 3 3
4 7 3 3 4
4 10 2 3 3
4 8 2 3 3
4 9 1 3 3
4 9 3 2 4
4 9 3 3 4
4 4 4 4 4
4 12 3 3 4
4 5 3 3 4
4 6 3 3 4
4 14 2 3 3
4 9 2 2 3
4 5 3 3 4
4 7 2 3 3
4 5 2 3 3
4 6 2 2 3
4 5 3 2 4
4 7 3 3 4
4 6 2 3 3
4 7 2 3 3
4 5 2 3 4
4 6 2 3 3
4 6 2 3 3
4 8 2 3 4
4 6 2 3 3
4 12 2 3 3
4 9 2 3 3
4 7 2 3 3
4 10 1 3 3
4 8 1 3 3
4 8 3 3 4
4 9 2 3 3
4 6 1 3 3
4 9 2 2 3
4 8 2 3 3
4 7 3 3 4
4 5 3 3 4
4 5 3 3 4
4 9 2 3 3
4 6 3 3 4
4 5 2 3 3
4 19 2 3 3
4 5 2 3 3
4 9 2 3 3
4 6 2 3 3
4 6 3 3 4
4 5 3 2 4
4 4 4 4 4
4 15 2 3 4
4 7 2 3 3
4 6 2 3 3
4 7 2 3 3
4 8 2 3 3
4 7 2 3 3
4 6 2 3 4
4 5 3 3 4
4 8 2 3 3
4 7 1 3 4
4 11 2 3 3
4 5 2 3 3
4 6 2 3 4
4 6 3 3 4
4 15 2 3 4
4 5 3 3 4
4 12 2 3 3
4 7 2 3 4
4 14 1 3 3
4 6 3 3 4
4 6 2 2 3
4 6 1 3 3
4 8 2 3 3
4 8 2 3 3
4 5 3 3 4
4 7 2 3 3
4 4 4 4 4
4 5 2 3 3
4 7 1 3 3
4 6 2 3 4
4 7 1 3 3
4 9 2 3 3
4 10 3 3 4
4 11 2 3 3
4 6 2 3 3
4 6 2 3 4
4 7 2 4 4
4 7 2 3 3
4 17 1 3 3
4 7 1 3 3
4 8 2 3 3
4 8 2 3 3
4 13 2 3 3
4 5 3 3 4
4 5 1 4 4
4 6 3 3 4
4 5 2 3 3
4 5 3 3 4
4 6 3 3 4
4 14 1 3 3
4 5 3 3 4
4 6 2 3 3
4 5 3 3 4
4 6 2 3 3
4 7 1 3 3
4 6 2 3 4
4 8 1 3 3
4 5 3 3 4
4 8 2 3 3
4 10 3 3 4
4 8 2 3 3
4 11 2 2 4
4 4 4 4 4
4 7 2 2 3
4 5 2 3 3
4 5 3 3 4
4 8 2 3 3
4 12 2 3 3
4 7 2 3 4
4 7 2 3 3
4 9 3 3 4
4 7 1 3 3
4 7 2 3 4
4 7 2 3 3
4 6 2 3 3
4 10 2 2 3
4 7 2 3 3
4 5 3 3 4
4 5 3 3 4
4 7 2 3 3
4 5 3 3 4
4 4 4 4 4
4 9 2 3 4
4 6 2 3 3
4 6 2 3 3
4 6 3 3 4
4 8 2 3 3
4 5 3 3 4
4 7 2 3 3
4 7 2 3 3
4 5 2 3 3
4 6 2 3 4
4 8 3 3 4
4 8 2 3 3
4 6 2 3 3
4 6 3 3 4
4 14 2 3 4
4 6 2 3 4
4 6 1 3 4
4 5 3 3 4
4 6 2 3 3
4 6 3 3 4
4 5 2 3 3
4 9 2 3 3
4 5 3 3 4
4 7 2 3 3
4 12 2 3 4
4 7 1 3 3
4 5 3 3 4
4 8 2 3 3
4 7 2 3 4
4 7 2 3 3
4 7 2 3 3
4 6 2 3 3
4 6 3 3 4
4 7 1 3 3
4 9 1 3 3
4 10 1 3 3
4 7 3 3 4
4 5 3 3 4
4 5 3 3 4
4 5 2 4 4
4 6 3 3 4
4 7 1 3 3
4 7 2 3 4
4 6 2 3 4
4 7 2 3 3
4 10 2 3 3
4 10 1 3 3
4 7 2 3 3
4 5 3 3 4
4 6 3 3 4
4 5 3 3 4
4 7 2 3 3
4 5 2 3 3
4 5 2 3 3
4 5 2 3 3
4 5 3 3 4
4 5 3 3 4
4 7 2 3 3
4 6 2 3 4
4 6 3 3 4
4 8 2 3 4
4 6 2 3 3
4 8 2 3 3
4 7 2 3 4
4 6 2 3 4
4 5 2 3 3
4 7 1 3 3
4 6 2 3 3
4 5 3 3 4
4 5 2 4 4
4 4 4 4 4
4 6 3 3 4
4 6 2 3 3
4 6 3 3 4
4 9 1 3 3
4 9 2 3 3
4 7 2 3 3
4 5 3 3 4
4 7 2 3 4
4 7 3 3 4
4 9 2 3 3
4 10 1 3 4
4 7 2 3 4
4 5 2 3 3
4 8 2 3 4
4 5 3 3 4
4 7 1 3 3
4 14 2 3 4
4 5 3 3 4
4 7 2 3 3
4 8 2 2 3
4 11 2 3 3
4 6 3 3 4
4 14 2 3 3
4 6 3 3 4
4 8 2 3 3
4 7 2 3 4
4 6 3 3 4
4 6 2 3 3
4 9 1 3 3
4 7 1 3 3
4 7 2 3 3
4 7 2 2 3
4 7 1 3 3
4 5 3 3 4
4 13 2 3 3
4 8 1 3 3
4 7 2 3 3
4 6 2 3 4
4 7 2 3 4
4 7 2 3 4
4 5 3 3 4
4 5 3 3 4
4 6 2 3 3
4 19 2 3 4
4 7 2 3 3
4 8 2 3 4
4 6 2 3 3
4 9 1 3 3
4 12 2 3 3
4 5 3 3 4
4 5 3 3 4
4 5 3 3 4
4 6 2 3 4
4 6 2 3 4
4 10 2 3 3
4 14 2 3 3
4 5 2 3 3
4 8 1 3 3
4 5 1 4 4
4 9 2 3 3
4 8 2 3 3
4 5 3 3 4
4 5 3 3 4
4 5 2 3 3
4 6 2 3 4
4 8 2 3 3
4 7 2 3 3
4 7 2 3 3
4 6 2 3 3
4 7 1 3 3
4 6 2 3 3
4 6 3 3 4
4 6 3 3 4
4 10 2 3 3
4 11 2 3 4
4 7 3 3 4
4 8 2 3 4
4 7 1 3 3
4 6 2 3 4
4 5 2 2 3
4 10 2 3 3
4 6 2 3 3
4 8 2 3 3
4 10 2 3 4
4 8 1 3 3
4 7 2 3 4
4 5 2 3 3
4 7 1 3 3
4 7 2 3 4
4 7 2 3 3
4 8 2 3 3
4 5 3 3 4
4 7 2 3 3
4 5 3 3 4
4 5 3 3 4
4 7 2 3 3
4 9 2 3 3
4 5 3 3 4
4 6 2 3 4
4 8 2 3 3
4 8 1 3 3
4 7 1 3 3
4 7 2 3 3
4 8 2 3 4
4 9 2 3 4
4 5 3 3 4
4 6 3 3 4
4 5 3 3 4
4 5 3 3 4
4 7 2 3 3
4 6 2 3 3
4 6 2 3 3
4 7 2 3 3
4 6 2 3 4
4 9 2 3 3
4 8 2 2 4
4 8 2 3 3
4 4 4 4 4
4 10 1 3 3
4 6 2 3 3
4 4 4 4 4
4 7 2 3 3
4 10 2 3 3
4 8 2 3 3
4 8 2 3 4
4 6 3 3 4
4 6 3 3 4
4 7 2 3 4
4 5 2 3 3
4 5 2 3 3
4 7 2 3 3
4 5 2 3 3
4 6 1 2 3
4 7 2 3 4
4 6 2 3 4
4 7 1 3 4
4 8 2 3 3
4 4 4 4 4
4 5 2 3 4
4 5 3 3 4
4 5 3 3 4
4 4 4 4 4
4 4 4 4 4
4 11 2 3 4
4 9 2 3 3
4 6 2 3 3
4 6 2 3 3
4 9 2 3 3
4 5 3 3 4
4 5 3 3 4
4 6 2 3 3
4 10 1 3 3
4 5 2 2 3
4 7 3 3 4
4 8 2 3 3
4 8 3 3 4
4 7 2 3 3
4 11 2 3 3
4 7 2 3 3
4 6 2 3 3
4 5 3 3 4
4 6 3 3 4
4 4 4 4 4
4 5 3 3 4
4 5 3 3 4
4 5 3 3 4
4 6 3 3 4
4 12 3 3 4
4 7 1 3 3
4 5 2 3 3
4 7 2 3 3
4 5 3 3 4
4 7 2 3 3
4 8 1 3 3
4 4 4 4 4
4 7 2 3 4
4 5 3 2 4
4 6 2 3 4
4 6 3 3 4
4 5 3 3 4
4 6 2 3 3
4 8 2 3 3
4 8 1 3 3
4 8 1 3 3
4 5 3 3 4
4 7 2 3 3
4 7 2 3 3
4 5 2 3 4
4 8 2 3 3
4 5 2 3 3
4 10 1 3 4
4 8 2 3 3
4 12 2 3 3
4 4 4 4 4
4 5 3 3 4
4 7 2 3 3
4 5 2 3 3
4 10 2 3 3
4 5 3 3 4
4 8 2 3 4
4 5 2 3 3
4 5 3 3 4
4 6 2 2 3
4 8 1 3 3
4 9 2 3 3
4 5 3 3 4
4 5 2 3 3
4 23 3 3 4
4 15 1 2 3
4 13 2 3 3
4 7 2 3 3
4 5 3 3 4
4 6 2 3 3
4 6 2 3 3
4 7 2 3 3
4 6 2 3 3
4 7 1 3 3
4 11 2 3 4
4 5 3 3 4
4 5 3 3 4
4 6 2 3 3
4 7 1 3 3
4 5 3 3 4
4 6 2 3 3
4 5 2 3 3
4 8 2 3 4
4 4 4 4 4
4 5 3 3 4
4 8 2 3 3
4 7 2 3 3
4 4 4 4 4
4 4 4 4 4
4 4 4 4 4
4 5 2 3 3
4 7 1 2 3
4 8 2 3 3
4 13 1 3 4
4 5 2 3 3
4 6 2 2 3
4 13 3 2 4
4 9 3 3 4
4 8 1 3 3
4 5 2 3 3
4 7 2 3 3
4 5 3 3 4
4 7 3 2 4
4 6 3 3 4
4 6 2 3 3
4 7 1 3 3
4 5 2 3 4
4 5 2 3 3
4 7 1 3 3
4 6 3 3 4
4 6 3 3 4
4 6 3 3 4
4 7 1 3 3
4 5 3 3 4
4 8 3 3 4
4 5 3 3 4
4 15 1 3 3
4 6 2 3 3
4 5 3 3 4
4 7 2 3 3
4 7 2 3 4
4 7 3 3 4
4 6 3 3 4
4 5 3 3 4
4 5 3 3 4
4 7 2 3 3
4 7 2 3 3
4 7 2 3 3
4 7 2 3 3
4 5 2 3 3
4 5 2 3 3
4 9 3 3 4
4 8 2 3 3
4 6 2 3 3
4 6 3 3 4
4 11 3 3 4
4 5 2 3 3
4 7 2 3 3
4 5 3 3 4
4 7 2 3 4
4 5 3 3 4
4 7 1 3 3
4 5 3 3 4
4 7 1 3 3
4 6 2 3 3
4 5 3 3 4
4 5 2 3 3
4 5 3 3 4
4 6 2 3 4
4 10 2 3 3
4 7 2 3 3
4 4 4 4 4
4 5 2 2 3
4 5 3 2 4
4 6 2 3 3
4 10 3 2 4
4 8 2 3 4
4 9 2 3 3
4 7 2 3 3
4 5 3 3 4
4 7 2 3 3
4 7 2 3 3
4 5 3 3 4
4 7 1 3 3
4 9 3 3 4
4 8 2 3 3
4 9 2 3 4
4 6 2 3 3
4 7 2 3 3
4 6 2 3 3
4 6 3 3 4
4 7 2 3 4
4 5 2 3 3
4 9 2 3 3
4 7 2 3 3
4 7 2 3 4
4 11 2 3 3
4 5 2 3 3
4 5 3 3 4
4 7 2 3 3
4 8 2 3 3
4 5 3 3 4
4 5 3 3 4
4 4 4 4 4
4 8 2 2 3
4 6 3 3 4
4 6 3 3 4
4 7 1 3 3
4 6 2 3 3
4 5 3 3 4
4 7 2 3 3
4 7 2 2 3
4 6 1 3 3
4 7 1 3 3
4 6 2 3 3
4 13 1 3 3
4 6 2 3 3
4 8 2 2 3
4 15 2 3 3
4 6 3 3 4
4 6 2 3 3
4 5 3 3 4
4 8 1 3 3
4 7 2 3 3
4 10 2 3 3
4 6 2 3 3
4 4 4 4 4
4 5 2 3 3
4 6 2 3 4
4 6 2 3 3
4 8 2 3 4
4 7 2 3 4
4 5 3 3 4
4 13 2 3 4
4 7 1 3 3
4 6 3 3 4
4 5 3 3 4
4 6 2 3 4
4 10 1 3 3
4 5 3 3 4
4 6 2 3 3
4 7 2 3 3
4 7 3 3 4
4 7 2 3 3
4 6 2 3 3
4 8 1 3 3
4 9 3 3 4
4 9 2 3 3
4 9 2 2 3
4 16 2 3 3
4 8 2 3 3
4 5 3 3 4
4 7 2 3 4
4 9 2 3 3
4 7 1 3 3
4 5 2 3 3
4 7 2 3 4
4 5 3 3 4
4 5 3 3 4
4 6 3 3 4
4 6 1 3 3
4 5 3 3 4
4 6 2 3 3
4 6 3 3 4
4 7 2 3 3
4 6 3 3 4
4 9 1 3 3
4 6 2 3 4
4 8 2 3 3
4 5 3 3 4
4 7 2 3 4
4 7 1 3 3
4 5 2 3 3
4 7 3 3 4
4 6 2 3 3
4 4 4 4 4
4 7 2 3 3
4 5 3 3 4
4 9 2 3 4
4 8 2 3 3
4 7 2 3 3
4 9 1 3 3
4 6 1 3 3
4 8 2 3 3
4 8 2 3 3
4 6 2 3 3
4 8 2 3 3
4 5 2 3 4
4 6 2 3 3
4 8 1 3 3
4 5 3 3 4
4 7 2 3 3
4 10 2 3 3
4 6 2 3 3
4 8 2 3 3
4 5 3 3 4
4 14 2 3 4
4 7 2 3 4
4 8 1 3 3
4 5 3 3 4
4 5 2 3 4
4 5 3 3 4
4 5 3 3 4
4 5 3 3 4
4 5 3 3 4
4 4 4 4 4
4 4 4 4 4
4 7 2 3 3
4 6 3 2 4
4 10 2 3 3
4 4 4 4 4
4 4 4 4 4
4 7 2 3 3
4 5 3 3 4
4 20 2 3 3
4 11 2 3 4
4 9 2 3 3
4 7 2 2 3
4 7 2 2 3
4 7 2 2 3
4 7 2 2 3
4 7 2 2 3
4 9 2 3 3
4 6 2 3 3
4 5 3 3 4
4 6 2 3 3
4 7 2 3 3
4 5 3 3 4
4 5 3 3 4
4 5 3 3 4
4 5 2 3 3
4 10 2 3 3
4 7 2 3 4
4 8 2 3 3
4 11 2 2 3
4 8 1 3 3
4 4 4 4 4
4 8 2 3 3
4 5 3 3 4
4 7 2 3 3
4 7 2 3 4
4 7 2 3 3
4 8 3 3 4
4 6 2 3 3
4 9 1 3 3
4 5 3 3 4
4 10 3 3 4
4 6 3 3 4
4 5 2 3 3
4 7 2 3 3
4 5 3 3 4
4 5 2 3 3
4 6 2 3 4
4 7 3 3 4
4 5 3 3 4
4 7 2 3 4
4 7 3 2 4
4 7 2 3 4
4 7 2 3 4
4 5 3 3 4
4 7 2 3 3
4 8 2 3 3
4 9 2 3 3
4 5 3 3 4
4 8 2 3 4
4 9 2 3 4
4 4 4 4 4
4 10 2 3 3
4 5 2 3 3
4 7 1 3 3
4 7 2 3 3
4 13 2 3 3
4 5 3 3 4
4 6 3 3 4
4 8 1 3 3
4 7 2 3 3
4 7 3 3 4
4 7 2 3 4
4 8 2 3 3
4 5 3 3 4
4 8 1 3 3
4 5 3 2 4
4 6 2 3 3
4 5 3 3 4
4 6 3 3 4
4 4 4 4 4
4 6 2 3 3
4 7 2 3 3
4 5 3 3 4
4 12 3 3 4
4 6 1 3 3
4 8 2 3 4
4 6 3 3 4
4 10 2 3 3
4 8 3 3 4
4 6 2 3 3
4 8 1 3 3
4 5 2 3 4
4 8 2 3 4
4 6 2 3 3
4 7 1 3 3
4 5 3 2 4
4 5 3 3 4
4 7 2 3 3
4 7 2 3 3
4 5 3 3 4
4 5 3 3 4
4 7 1 3 3
4 9 2 3 3
4 8 2 3 3
4 5 3 3 4
4 6 2 3 3
