4 8 2 3 3
4 4 4 4 4
4 6 2 3 4
4 5 2 3 4
4 7 1 3 3
4 5 2 3 4
4 6 3 3 4
4 5 3 3 4
4 5 3 3 4
4 11 3 3 4
4 6 2 3 4
4 5 2 3 4
4 6 2 3 4
4 6 2 3 4
4 7 2 3 4
4 7 2 3 4
4 6 2 3 4
4 5 3 3 4
4 5 2 3 3
4 6 2 3 4
4 5 3 3 4
4 5 2 3 4
4 5 3 3 4
4 7 2 3 3
4 4 4 4 4
4 4 4 4 4
4 5 3 3 4
4 4 4 4 4
4 4 4 4 4
4 5 3 3 4
4 6 2 3 4
4 6 2 3 3
4 6 3 3 4
4 5 3 3 4
4 6 3 3 4
4 5 3 3 4
4 5 3 3 4
4 7 2 3 4
4 6 2 3 4
4 4 4 4 4
4 4 4 4 4
4 9 2 3 4
4 7 2 3 4
4 6 2 3 4
4 4 4 4 4
4 6 2 3 3
4 5 3 3 4
4 8 2 3 3
4 4 4 4 4
4 6 2 3 4
4 5 2 3 4
4 7 1 3 3
4 5 2 3 4
4 6 3 3 4
4 5 3 3 4
4 5 3 3 4
4 11 3 3 4
4 6 2 3 4
4 5 2 3 4
4 6 2 3 4
4 6 2 3 4
4 7 2 3 4
4 7 2 3 4
4 6 2 3 4
4 5 3 3 4
4 5 2 3 3
4 6 2 3 4
4 5 3 3 4
4 5 2 3 4
4 5 3 3 4
4 7 2 3 3
4 4 4 4 4
4 4 4 4 4
4 5 3 3 4
4 4 4 4 4
4 4 4 4 4
4 5 3 3 4
4 6 2 3 4
4 6 2 3 3
4 6 3 3 4
4 5 3 3 4
4 6 3 3 4
4 5 3 3 4
4 5 3 3 4
4 7 2 3 4
4 6 2 3 4
4 4 4 4 4
4 4 4 4 4
4 9 2 3 4
4 7 2 3 4
4 6 2 3 4
4 4 4 4 4
4 6 2 3 3
4 5 3 3 4
