4 11 2 4 4
4 6 2 3 3
4 6 3 3 4
4 5 3 2 4
4 5 2 3 3
4 5 2 2 3
4 7 2 3 3
4 5 2 2 3
4 5 2 2 3
4 5 2 2 3
4 5 2 2 3
4 5 2 2 3
4 14 2 3 3
4 8 2 2 3
4 6 2 3 3
4 9 2 3 3
4 10 2 3 3
4 9 2 2 3
4 11 2 3 4
4 6 3 2 4
4 8 2 3 3
4 7 2 3 3
4 5 2 3 3
4 6 2 3 3
4 6 2 3 3
4 7 2 3 3
4 5 2 3 3
4 11 2 2 3
4 8 2 2 3
4 5 2 2 3
4 5 2 2 3
4 5 2 2 3
4 5 2 2 3
4 5 2 2 3
4 5 2 2 3
4 5 2 2 3
4 6 2 3 3
4 8 2 3 3
4 5 2 2 3
4 8 2 3 3
4 12 2 3 3
4 5 2 2 3
4 13 2 3 3
4 5 2 3 3
4 6 2 3 3
4 7 3 2 4
4 5 2 2 3
4 6 2 2 3
4 7 2 2 3
4 7 2 3 4
4 5 2 2 3
4 6 2 2 3
4 11 2 3 3
4 8 2 2 3
4 6 2 3 3
4 8 2 3 3
4 6 2 3 3
4 5 2 2 3
4 5 2 3 3
4 5 2 2 3
4 5 2 2 3
4 5 2 2 3
4 8 2 3 3
4 8 2 3 3
4 8 2 2 3
4 10 2 3 3
4 9 2 3 3
4 7 2 3 3
4 7 2 3 3
4 11 2 4 4
4 6 2 3 3
4 6 3 3 4
4 5 3 2 4
4 5 2 3 3
4 5 2 2 3
4 7 2 3 3
4 5 2 2 3
4 5 2 2 3
4 5 2 2 3
4 5 2 2 3
4 5 2 2 3
4 14 2 3 3
4 8 2 2 3
4 6 2 3 3
4 9 2 3 3
4 10 2 3 3
4 9 2 2 3
4 11 2 3 4
4 6 3 2 4
4 8 2 3 3
4 7 2 3 3
4 5 2 3 3
4 6 2 3 3
4 6 2 3 3
4 7 2 3 3
4 5 2 3 3
4 11 2 2 3
4 8 2 2 3
4 5 2 2 3
4 5 2 2 3
4 5 2 2 3
4 5 2 2 3
4 5 2 2 3
4 5 2 2 3
4 5 2 2 3
4 6 2 3 3
4 8 2 3 3
4 5 2 2 3
4 8 2 3 3
4 12 2 3 3
4 5 2 2 3
4 13 2 3 3
4 5 2 3 3
4 6 2 3 3
4 7 3 2 4
4 5 2 2 3
4 6 2 2 3
4 7 2 2 3
4 7 2 3 4
4 5 2 2 3
4 6 2 2 3
4 11 2 3 3
4 8 2 2 3
4 6 2 3 3
4 8 2 3 3
4 6 2 3 3
4 5 2 2 3
4 5 2 3 3
4 5 2 2 3
4 5 2 2 3
4 5 2 2 3
4 8 2 3 3
4 8 2 3 3
4 8 2 2 3
4 10 2 3 3
4 9 2 3 3
4 7 2 3 3
4 7 2 3 3
