4 8 2 2 3
4 5 2 2 3
4 23 2 2 3
4 6 2 2 3
4 10 2 2 3
4 5 2 2 3
4 5 2 2 3
4 5 2 2 3
4 5 2 2 3
4 5 2 2 3
4 5 2 2 3
4 5 2 2 3
4 5 2 2 3
4 5 2 2 3
4 5 2 2 3
4 5 2 2 3
4 5 2 2 3
4 5 2 2 3
4 5 2 2 3
4 5 2 2 3
4 5 2 2 3
4 5 2 2 3
4 5 2 2 3
4 5 2 2 3
4 5 2 2 3
4 5 2 2 3
4 5 2 2 3
4 5 2 2 3
4 5 2 2 3
4 5 2 2 3
4 5 2 2 3
4 5 2 2 3
4 5 2 2 3
4 5 2 2 3
4 5 2 2 3
4 5 2 2 3
4 5 2 2 3
4 5 2 2 3
4 5 2 2 3
4 5 2 2 3
4 5 2 2 3
4 5 2 2 3
4 5 2 2 3
4 6 2 2 3
4 18 2 2 3
4 6 2 2 3
4 5 1 3 3
4 6 1 2 3
4 7 2 2 3
4 6 2 3 4
4 8 2 3 3
4 5 2 3 4
4 6 2 2 3
4 6 2 2 3
4 7 1 2 2
4 4 4 4 4
4 16 2 2 3
4 12 2 2 3
4 8 2 2 3
4 7 2 2 3
4 8 2 2 4
4 7 1 2 2
4 6 1 2 3
4 7 1 2 2
4 4 4 4 4
4 6 2 2 3
4 8 2 2 4
4 5 2 3 3
4 11 2 2 4
4 5 3 2 4
4 4 4 4 4
4 8 2 2 3
4 8 2 2 4
4 6 1 2 3
4 8 2 2 3
4 4 4 4 4
4 7 2 2 3
4 6 3 2 4
4 6 3 2 4
4 8 3 2 4
4 6 3 2 4
4 6 2 2 3
4 6 1 2 3
4 5 2 2 3
4 5 2 2 3
4 5 2 2 3
4 5 2 2 3
4 7 2 2 3
4 8 2 2 3
4 7 1 2 3
4 9 2 2 3
4 13 2 2 3
4 8 2 2 3
4 4 4 4 4
4 6 2 2 3
4 5 2 2 3
4 6 2 2 3
4 7 2 2 4
4 5 2 2 3
4 6 2 2 3
4 8 2 2 4
4 7 2 2 3
4 8 2 2 3
4 7 1 2 3
4 10 2 2 3
4 7 2 2 4
4 4 4 4 4
4 7 2 2 3
4 5 2 2 3
4 5 2 2 3
4 8 2 2 4
4 6 2 2 3
4 4 4 4 4
4 8 2 3 3
4 7 2 2 3
4 6 1 2 2
4 12 1 2 3
4 4 4 4 4
4 7 2 2 3
4 10 1 2 3
4 5 2 3 3
4 5 2 3 3
4 6 2 3 3
4 6 2 2 3
4 6 2 3 3
4 10 2 2 3
4 5 2 3 4
4 6 2 2 3
4 8 1 2 3
4 10 2 2 3
4 8 2 2 3
4 10 2 2 3
4 15 1 2 3
4 7 2 2 3
4 7 2 2 3
4 7 1 2 3
4 8 1 2 3
4 13 1 2 2
4 12 2 2 4
4 6 2 2 3
4 8 2 2 4
4 4 4 4 4
4 6 2 2 3
4 6 1 2 3
4 6 2 2 3
4 15 2 2 4
4 6 1 2 3
4 9 2 2 4
4 8 2 2 3
4 5 2 2 3
4 23 2 2 3
4 6 2 2 3
4 10 2 2 3
4 5 2 2 3
4 5 2 2 3
4 5 2 2 3
4 5 2 2 3
4 5 2 2 3
4 5 2 2 3
4 5 2 2 3
4 5 2 2 3
4 5 2 2 3
4 5 2 2 3
4 5 2 2 3
4 5 2 2 3
4 5 2 2 3
4 5 2 2 3
4 5 2 2 3
4 5 2 2 3
4 5 2 2 3
4 5 2 2 3
4 5 2 2 3
4 5 2 2 3
4 5 2 2 3
4 5 2 2 3
4 5 2 2 3
4 5 2 2 3
4 5 2 2 3
4 5 2 2 3
4 5 2 2 3
4 5 2 2 3
4 5 2 2 3
4 5 2 2 3
4 5 2 2 3
4 5 2 2 3
4 5 2 2 3
4 5 2 2 3
4 5 2 2 3
4 5 2 2 3
4 5 2 2 3
4 5 2 2 3
4 6 2 2 3
4 18 2 2 3
4 6 2 2 3
4 5 1 3 3
4 6 1 2 3
4 7 2 2 3
4 6 2 3 4
4 8 2 3 3
4 5 2 3 4
4 6 2 2 3
4 6 2 2 3
4 7 1 2 2
4 4 4 4 4
4 16 2 2 3
4 12 2 2 3
4 8 2 2 3
4 7 2 2 3
4 8 2 2 4
4 7 1 2 2
4 6 1 2 3
4 7 1 2 2
4 4 4 4 4
4 6 2 2 3
4 8 2 2 4
4 5 2 3 3
4 11 2 2 4
4 5 3 2 4
4 4 4 4 4
4 8 2 2 3
4 8 2 2 4
4 6 1 2 3
4 8 2 2 3
4 4 4 4 4
4 7 2 2 3
4 6 3 2 4
4 6 3 2 4
4 8 3 2 4
4 6 3 2 4
4 6 2 2 3
4 6 1 2 3
4 5 2 2 3
4 5 2 2 3
4 5 2 2 3
4 5 2 2 3
4 7 2 2 3
4 8 2 2 3
4 7 1 2 3
4 9 2 2 3
4 13 2 2 3
4 8 2 2 3
4 4 4 4 4
4 6 2 2 3
4 5 2 2 3
4 6 2 2 3
4 7 2 2 4
4 5 2 2 3
4 6 2 2 3
4 8 2 2 4
4 7 2 2 3
4 8 2 2 3
4 7 1 2 3
4 10 2 2 3
4 7 2 2 4
4 4 4 4 4
4 7 2 2 3
4 5 2 2 3
4 5 2 2 3
4 8 2 2 4
4 6 2 2 3
4 4 4 4 4
4 8 2 3 3
4 7 2 2 3
4 6 1 2 2
4 12 1 2 3
4 4 4 4 4
4 7 2 2 3
4 10 1 2 3
4 5 2 3 3
4 5 2 3 3
4 6 2 3 3
4 6 2 2 3
4 6 2 3 3
4 10 2 2 3
4 5 2 3 4
4 6 2 2 3
4 8 1 2 3
4 10 2 2 3
4 8 2 2 3
4 10 2 2 3
4 15 1 2 3
4 7 2 2 3
4 7 2 2 3
4 7 1 2 3
4 8 1 2 3
4 13 1 2 2
4 12 2 2 4
4 6 2 2 3
4 8 2 2 4
4 4 4 4 4
4 6 2 2 3
4 6 1 2 3
4 6 2 2 3
4 15 2 2 4
4 6 1 2 3
4 9 2 2 4
