3 5 2 2 3
3 5 2 2 3
3 5 2 2 3
3 5 2 2 3
3 5 2 2 3
3 7 1 2 3
3 6 1 2 3
3 5 2 2 3
3 5 2 2 3
3 5 2 2 3
3 5 2 2 3
3 5 2 2 3
3 5 2 2 3
3 5 2 2 3
3 5 2 2 3
3 5 2 2 3
3 5 2 2 3
3 5 2 2 3
3 5 2 2 3
3 5 2 2 3
3 5 2 2 3
3 5 2 2 3
3 6 1 2 3
3 5 2 2 3
3 5 2 2 3
3 5 2 2 3
3 5 2 2 3
3 5 2 2 3
3 5 2 2 3
3 5 2 2 3
3 5 2 2 3
3 5 2 2 3
3 5 2 2 3
3 5 2 2 3
3 5 2 2 3
3 5 2 2 3
3 5 2 2 3
3 5 2 2 3
3 5 2 2 3
3 5 2 2 3
3 5 2 2 3
3 5 2 2 3
3 5 2 2 3
3 5 2 2 3
3 6 2 2 3
3 6 1 2 2
3 5 2 2 3
3 5 2 2 3
3 6 2 2 3
3 7 2 2 3
3 5 2 2 3
3 5 2 2 3
3 5 2 2 3
3 5 2 2 3
3 5 2 2 3
3 5 2 2 3
3 5 2 2 3
3 5 2 2 3
3 5 2 2 3
3 5 2 2 3
3 5 2 2 3
3 5 2 2 3
3 5 2 2 3
3 5 2 2 3
3 5 2 2 3
3 5 2 2 3
3 8 1 2 3
3 5 2 2 3
3 5 2 2 3
3 5 2 2 3
3 5 2 2 3
3 5 2 2 3
3 5 2 2 3
3 5 2 2 3
3 5 2 2 3
3 5 2 2 3
3 5 2 2 3
3 5 2 2 3
3 5 2 2 3
3 5 2 2 3
3 5 2 2 3
3 5 2 2 3
3 5 2 2 3
3 5 2 2 3
3 5 2 2 3
3 5 2 2 3
3 7 1 2 3
3 5 2 2 3
3 5 2 2 3
3 6 1 2 3
3 5 2 2 3
3 5 2 2 3
3 5 2 2 3
3 8 2 2 3
3 5 2 2 3
3 5 2 2 3
3 5 2 2 3
3 5 2 2 3
3 6 1 2 3
3 6 1 2 3
3 5 2 2 3
3 5 2 2 3
3 5 2 2 3
3 5 2 2 3
3 5 2 2 3
3 5 2 2 3
3 5 2 2 3
3 5 2 2 3
3 5 2 2 3
3 8 2 2 3
3 5 2 2 3
3 8 2 2 3
3 16 2 2 3
3 16 1 2 3
3 5 2 2 3
3 5 2 2 3
3 5 2 2 3
3 5 2 2 3
3 5 2 2 3
3 5 2 2 3
3 5 2 2 3
3 5 2 2 3
3 5 2 2 3
3 21 1 2 3
3 5 2 2 3
3 5 2 2 3
3 5 2 2 3
3 5 2 2 3
3 5 2 2 3
3 5 2 2 3
3 5 2 2 3
3 5 2 2 3
3 5 2 2 3
3 5 2 2 3
3 7 1 2 3
3 5 2 2 3
3 5 2 2 3
3 5 2 2 3
3 5 2 2 3
3 5 2 2 3
3 5 2 2 3
3 5 2 2 3
3 5 2 2 3
3 7 1 2 3
3 6 1 2 3
3 5 2 2 3
3 5 2 2 3
3 5 2 2 3
3 5 2 2 3
3 5 2 2 3
3 5 2 2 3
3 5 2 2 3
3 5 2 2 3
3 5 2 2 3
3 5 2 2 3
3 5 2 2 3
3 5 2 2 3
3 5 2 2 3
3 5 2 2 3
3 5 2 2 3
3 6 1 2 3
3 5 2 2 3
3 5 2 2 3
3 5 2 2 3
3 5 2 2 3
3 5 2 2 3
3 5 2 2 3
3 5 2 2 3
3 5 2 2 3
3 5 2 2 3
3 5 2 2 3
3 5 2 2 3
3 5 2 2 3
3 5 2 2 3
3 5 2 2 3
3 5 2 2 3
3 5 2 2 3
3 5 2 2 3
3 5 2 2 3
3 5 2 2 3
3 5 2 2 3
3 5 2 2 3
3 6 2 2 3
3 6 1 2 2
3 5 2 2 3
3 5 2 2 3
3 6 2 2 3
3 7 2 2 3
3 5 2 2 3
3 5 2 2 3
3 5 2 2 3
3 5 2 2 3
3 5 2 2 3
3 5 2 2 3
3 5 2 2 3
3 5 2 2 3
3 5 2 2 3
3 5 2 2 3
3 5 2 2 3
3 5 2 2 3
3 5 2 2 3
3 5 2 2 3
3 5 2 2 3
3 5 2 2 3
3 8 1 2 3
3 5 2 2 3
3 5 2 2 3
3 5 2 2 3
3 5 2 2 3
3 5 2 2 3
3 5 2 2 3
3 5 2 2 3
3 5 2 2 3
3 5 2 2 3
3 5 2 2 3
3 5 2 2 3
3 5 2 2 3
3 5 2 2 3
3 5 2 2 3
3 5 2 2 3
3 5 2 2 3
3 5 2 2 3
3 5 2 2 3
3 5 2 2 3
3 7 1 2 3
3 5 2 2 3
3 5 2 2 3
3 6 1 2 3
3 5 2 2 3
3 5 2 2 3
3 5 2 2 3
3 8 2 2 3
3 5 2 2 3
3 5 2 2 3
3 5 2 2 3
3 5 2 2 3
3 6 1 2 3
3 6 1 2 3
3 5 2 2 3
3 5 2 2 3
3 5 2 2 3
3 5 2 2 3
3 5 2 2 3
3 5 2 2 3
3 5 2 2 3
3 5 2 2 3
3 5 2 2 3
3 8 2 2 3
3 5 2 2 3
3 8 2 2 3
3 16 2 2 3
3 16 1 2 3
3 5 2 2 3
3 5 2 2 3
3 5 2 2 3
3 5 2 2 3
3 5 2 2 3
3 5 2 2 3
3 5 2 2 3
3 5 2 2 3
3 5 2 2 3
3 21 1 2 3
3 5 2 2 3
3 5 2 2 3
3 5 2 2 3
3 5 2 2 3
3 5 2 2 3
3 5 2 2 3
3 5 2 2 3
3 5 2 2 3
3 5 2 2 3
3 5 2 2 3
3 7 1 2 3
3 5 2 2 3
3 5 2 2 3
3 5 2 2 3
