4 6 3 3 4
4 9 2 3 4
4 5 3 3 4
4 5 3 3 4
4 5 3 3 4
4 10 3 3 4
4 5 3 3 4
4 5 3 3 4
4 6 3 3 4
4 8 3 3 4
4 5 3 3 4
4 5 3 3 4
4 5 3 3 4
4 6 3 3 4
4 5 3 3 4
4 6 2 3 4
4 5 3 3 4
4 5 3 3 4
4 5 3 3 4
4 8 1 2 2
4 5 3 3 4
4 6 2 3 3
4 9 2 3 3
4 5 3 3 4
4 5 3 3 4
4 10 2 3 4
4 5 3 3 4
4 5 3 3 4
4 15 2 3 3
4 5 3 3 4
4 8 2 3 3
4 6 2 3 4
4 5 3 3 4
4 10 2 3 4
4 6 3 3 4
4 8 2 3 3
4 5 3 3 4
4 6 2 3 3
4 6 3 3 4
4 6 3 3 4
4 9 2 3 4
4 5 3 3 4
4 5 3 3 4
4 5 3 3 4
4 10 3 3 4
4 5 3 3 4
4 5 3 3 4
4 6 3 3 4
4 8 3 3 4
4 5 3 3 4
4 5 3 3 4
4 5 3 3 4
4 6 3 3 4
4 5 3 3 4
4 6 2 3 4
4 5 3 3 4
4 5 3 3 4
4 5 3 3 4
4 8 1 2 2
4 5 3 3 4
4 6 2 3 3
4 9 2 3 3
4 5 3 3 4
4 5 3 3 4
4 10 2 3 4
4 5 3 3 4
4 5 3 3 4
4 15 2 3 3
4 5 3 3 4
4 8 2 3 3
4 6 2 3 4
4 5 3 3 4
4 10 2 3 4
4 6 3 3 4
4 8 2 3 3
4 5 3 3 4
4 6 2 3 3
4 6 3 3 4
