3 5 1 2 2
3 13 2 2 3
3 4 1 2 2
3 4 1 2 2
3 7 1 2 2
3 9 1 2 2
3 7 1 2 2
3 8 1 2 2
3 6 1 2 2
3 5 1 2 2
3 5 1 2 2
3 10 1 2 2
3 8 1 2 2
3 5 1 2 2
3 9 1 2 2
3 9 2 2 3
3 7 1 2 2
3 3 3 3 3
3 13 1 2 2
3 18 1 2 2
3 15 1 2 2
3 4 1 2 2
3 5 1 2 2
3 8 1 2 2
3 7 1 2 2
3 5 1 2 2
3 8 1 2 2
3 9 1 2 2
3 5 1 2 2
3 7 1 2 2
3 6 2 2 3
3 7 1 2 2
3 8 1 2 2
3 3 3 3 3
3 3 3 3 3
3 3 3 3 3
3 3 3 3 3
3 3 3 3 3
3 3 3 3 3
3 3 3 3 3
3 7 1 2 2
3 10 1 2 2
3 3 3 3 3
3 6 1 2 2
3 8 1 2 2
3 7 2 2 3
3 8 1 2 3
3 9 1 2 2
3 3 3 3 3
3 6 1 2 2
3 10 1 2 2
3 4 1 2 2
3 3 3 3 3
3 3 3 3 3
3 3 3 3 3
3 3 3 3 3
3 6 1 2 2
3 5 1 2 2
3 13 2 2 3
3 4 1 2 2
3 4 1 2 2
3 7 1 2 2
3 9 1 2 2
3 7 1 2 2
3 8 1 2 2
3 6 1 2 2
3 5 1 2 2
3 5 1 2 2
3 10 1 2 2
3 8 1 2 2
3 5 1 2 2
3 9 1 2 2
3 9 2 2 3
3 7 1 2 2
3 3 3 3 3
3 13 1 2 2
3 18 1 2 2
3 15 1 2 2
3 4 1 2 2
3 5 1 2 2
3 8 1 2 2
3 7 1 2 2
3 5 1 2 2
3 8 1 2 2
3 9 1 2 2
3 5 1 2 2
3 7 1 2 2
3 6 2 2 3
3 7 1 2 2
3 8 1 2 2
3 3 3 3 3
3 3 3 3 3
3 3 3 3 3
3 3 3 3 3
3 3 3 3 3
3 3 3 3 3
3 3 3 3 3
3 7 1 2 2
3 10 1 2 2
3 3 3 3 3
3 6 1 2 2
3 8 1 2 2
3 7 2 2 3
3 8 1 2 3
3 9 1 2 2
3 3 3 3 3
3 6 1 2 2
3 10 1 2 2
3 4 1 2 2
3 3 3 3 3
3 3 3 3 3
3 3 3 3 3
3 3 3 3 3
3 6 1 2 2
