4 18 2 3 4
4 7 2 2 3
4 6 3 3 4
4 7 2 3 3
4 6 3 3 4
4 5 3 3 4
4 11 3 3 4
4 5 2 4 4
4 5 2 3 3
4 6 2 3 3
4 8 2 3 3
4 6 2 3 4
4 9 2 2 3
4 15 3 3 4
4 4 4 4 4
4 6 3 3 4
4 6 3 3 4
4 8 3 3 4
4 9 2 3 3
4 5 3 3 4
4 10 2 3 4
4 6 3 3 4
4 5 2 3 3
4 6 2 4 4
4 4 4 4 4
4 6 2 3 4
4 5 3 3 4
4 15 1 3 3
4 4 4 4 4
4 10 2 2 3
4 10 2 3 3
4 5 2 3 3
4 4 4 4 4
4 7 2 3 3
4 5 3 3 4
4 6 3 3 4
4 8 3 3 4
4 5 3 3 4
4 5 1 3 3
4 5 3 3 4
4 8 3 3 4
4 5 3 3 4
4 4 4 4 4
4 4 4 4 4
4 5 1 4 4
4 4 4 4 4
4 4 4 4 4
4 6 2 3 4
4 5 1 3 3
4 8 3 3 4
4 13 3 3 4
4 6 3 3 4
4 6 2 3 3
4 18 2 3 4
4 7 2 2 3
4 6 3 3 4
4 7 2 3 3
4 6 3 3 4
4 5 3 3 4
4 11 3 3 4
4 5 2 4 4
4 5 2 3 3
4 6 2 3 3
4 8 2 3 3
4 6 2 3 4
4 9 2 2 3
4 15 3 3 4
4 4 4 4 4
4 6 3 3 4
4 6 3 3 4
4 8 3 3 4
4 9 2 3 3
4 5 3 3 4
4 10 2 3 4
4 6 3 3 4
4 5 2 3 3
4 6 2 4 4
4 4 4 4 4
4 6 2 3 4
4 5 3 3 4
4 15 1 3 3
4 4 4 4 4
4 10 2 2 3
4 10 2 3 3
4 5 2 3 3
4 4 4 4 4
4 7 2 3 3
4 5 3 3 4
4 6 3 3 4
4 8 3 3 4
4 5 3 3 4
4 5 1 3 3
4 5 3 3 4
4 8 3 3 4
4 5 3 3 4
4 4 4 4 4
4 4 4 4 4
4 5 1 4 4
4 4 4 4 4
4 4 4 4 4
4 6 2 3 4
4 5 1 3 3
4 8 3 3 4
4 13 3 3 4
4 6 3 3 4
4 6 2 3 3
