3 7 1 2 2
3 4 2 2 3
3 5 1 2 2
3 6 1 2 2
3 9 1 2 2
3 5 1 2 2
3 5 1 2 2
3 7 1 2 2
3 6 1 2 2
3 5 1 2 2
3 8 1 2 2
3 6 1 2 2
3 7 1 2 2
3 8 1 2 2
3 7 1 2 2
3 7 1 2 2
3 6 1 2 2
3 6 1 2 2
3 6 1 2 2
3 7 1 2 2
3 5 1 2 2
3 5 1 2 2
3 9 1 2 2
3 5 1 2 2
3 5 1 2 2
3 12 1 2 3
3 7 1 2 2
3 8 1 2 2
3 9 1 2 2
3 5 1 2 2
3 6 1 2 2
3 7 1 2 2
3 6 1 2 3
3 14 1 2 2
3 4 1 2 2
3 6 1 2 2
3 5 1 2 2
3 9 1 2 2
3 8 1 2 2
3 6 1 2 2
3 5 1 2 2
3 7 1 2 2
3 11 1 2 2
3 6 1 2 2
3 6 1 2 2
3 8 1 2 2
3 10 1 2 2
3 6 1 2 2
3 6 1 2 2
3 6 1 2 2
3 5 1 2 2
3 10 1 2 2
3 7 1 2 2
3 7 1 2 2
3 7 1 2 2
3 6 1 2 2
3 6 1 2 2
3 5 1 2 2
3 8 1 2 2
3 5 1 2 2
3 8 1 2 2
3 11 1 2 2
3 6 1 2 2
3 10 1 2 2
3 6 1 2 2
3 15 1 2 2
3 9 1 2 2
3 17 1 2 3
3 6 1 2 2
3 11 1 2 2
3 5 1 2 2
3 5 1 2 2
3 5 1 2 2
3 8 2 2 3
3 8 1 2 2
3 6 1 2 2
3 5 1 2 2
3 7 1 2 2
3 7 1 2 2
3 7 1 2 2
3 6 1 2 2
3 8 1 2 2
3 5 1 2 2
3 7 1 2 2
3 7 1 2 2
3 7 1 2 2
3 7 1 2 2
3 6 1 2 2
3 8 1 2 2
3 7 1 2 2
3 8 1 2 2
3 6 1 2 2
3 17 1 2 2
3 7 1 2 2
3 12 1 2 2
3 6 1 2 2
3 7 1 2 2
3 6 1 2 3
3 7 1 2 2
3 10 1 2 2
3 6 1 2 2
3 6 1 2 2
3 6 1 2 2
3 7 1 2 2
3 7 1 2 2
3 6 1 2 2
3 7 1 2 2
3 8 1 2 2
3 6 1 2 2
3 5 1 2 2
3 11 1 2 2
3 13 1 2 2
3 6 1 2 2
3 8 1 2 2
3 6 1 2 2
3 6 1 2 2
3 8 1 2 2
3 5 2 2 3
3 5 1 2 2
3 5 1 2 2
3 6 1 2 2
3 6 1 2 2
3 6 1 2 2
3 7 2 2 3
3 8 1 2 2
3 8 2 2 3
3 9 1 2 2
3 6 1 2 2
3 8 1 2 2
3 6 1 2 2
3 7 1 2 2
3 8 1 2 2
3 5 1 2 2
3 5 1 2 2
3 7 1 2 2
3 10 1 2 2
3 4 1 2 2
3 9 1 2 2
3 7 1 2 2
3 5 1 2 2
3 5 1 2 2
3 7 1 2 2
3 15 1 2 2
3 5 1 2 2
3 7 1 2 2
3 5 1 2 2
3 5 2 2 3
3 9 1 2 2
3 12 1 2 2
3 6 1 2 2
3 9 1 2 2
3 7 1 2 2
3 9 1 2 3
3 5 1 2 2
3 9 1 2 2
3 8 1 2 2
3 5 1 2 2
3 5 1 2 2
3 7 1 2 2
3 6 1 2 2
3 5 1 2 2
3 8 1 2 3
3 7 1 2 2
3 9 1 2 2
3 7 1 2 2
3 6 1 2 3
3 6 1 2 2
3 6 1 2 2
3 10 1 2 2
3 6 1 2 2
3 10 1 2 2
3 6 1 2 2
3 6 1 2 2
3 6 1 2 2
3 7 1 2 2
3 5 1 2 2
3 10 1 2 2
3 8 1 2 2
3 6 1 2 2
3 5 1 2 2
3 8 1 2 2
3 8 1 2 2
3 6 1 2 2
3 6 1 2 2
3 8 1 2 2
3 7 1 2 2
3 8 1 2 2
3 4 1 2 2
3 4 1 2 2
3 4 1 2 2
3 6 1 2 2
3 5 1 2 2
3 5 1 2 2
3 12 1 2 2
3 6 1 2 2
3 5 1 2 2
3 8 1 2 2
3 5 1 2 2
3 8 1 2 2
3 7 1 2 2
3 6 1 2 2
3 6 1 2 2
3 7 1 2 2
3 5 1 2 2
3 6 1 2 2
3 9 1 2 2
3 6 1 2 2
3 12 1 2 2
3 6 1 2 2
3 7 1 2 2
3 7 1 2 2
3 8 1 2 2
3 4 1 2 2
3 7 1 2 2
3 7 1 2 2
3 6 1 2 2
3 5 1 2 2
3 7 1 2 2
3 5 1 2 2
3 7 1 2 2
3 5 1 2 2
3 6 1 2 2
3 4 2 2 3
3 9 1 2 2
3 8 1 2 2
3 6 1 2 2
3 5 1 2 2
3 8 1 2 2
3 5 1 2 2
3 5 1 2 2
3 12 1 2 2
3 14 1 2 2
3 5 1 2 2
3 7 1 2 2
3 10 1 2 2
3 12 1 2 2
3 7 1 2 2
3 8 1 2 2
3 8 1 2 2
3 5 2 2 3
3 6 1 2 2
3 6 1 2 2
3 5 1 2 2
3 8 1 2 2
3 5 1 2 2
3 7 1 2 2
3 6 1 2 2
3 9 1 2 2
3 6 1 2 2
3 6 1 2 2
3 5 1 2 2
3 15 1 2 2
3 6 1 2 2
3 12 1 2 2
3 8 1 2 2
3 8 1 2 2
3 6 1 2 2
3 14 1 2 2
3 6 1 2 2
3 7 1 2 2
3 5 1 2 2
3 7 1 2 2
3 6 1 2 2
3 6 1 2 2
3 7 1 2 2
3 8 1 2 3
3 5 1 2 2
3 17 1 2 3
3 10 1 2 3
3 6 1 2 2
3 4 1 2 2
3 5 1 2 2
3 7 1 2 2
3 7 1 2 2
3 6 1 2 2
3 5 1 2 2
3 12 1 2 2
3 28 1 2 2
3 5 1 2 2
3 5 1 2 2
3 11 1 2 2
3 5 1 2 2
3 8 1 2 2
3 5 1 2 2
3 7 1 2 2
3 10 1 2 2
3 5 1 2 2
3 6 1 2 3
3 9 1 2 2
3 5 2 2 3
3 8 1 2 2
3 6 1 2 2
3 21 1 2 3
3 6 1 2 2
3 6 1 2 2
3 13 1 2 2
3 6 1 2 2
3 6 1 2 2
3 8 1 2 2
3 7 1 2 2
3 7 1 2 3
3 6 1 2 2
3 5 1 2 2
3 6 1 2 2
3 5 1 2 2
3 6 2 2 3
3 6 1 2 2
3 7 1 2 2
3 7 1 2 2
3 6 1 2 2
3 5 1 2 2
3 9 1 2 2
3 14 1 2 3
3 7 1 2 2
3 5 1 2 2
3 8 1 2 2
3 7 1 2 2
3 7 1 2 2
3 7 2 2 3
3 13 1 2 2
3 6 2 2 3
3 13 1 2 2
3 7 1 2 2
3 5 2 2 3
3 5 1 2 2
3 5 1 2 2
3 5 1 2 2
3 6 1 2 2
3 5 1 2 2
3 9 1 2 2
3 5 1 2 2
3 6 1 2 2
3 5 1 2 2
3 7 1 2 2
3 6 1 2 2
3 6 1 2 2
3 7 1 2 2
3 10 1 2 2
3 5 1 2 2
3 8 1 2 2
3 6 1 2 2
3 6 1 2 2
3 4 1 2 2
3 9 1 2 2
3 8 1 2 2
3 5 1 2 2
3 8 1 2 2
3 8 1 2 2
3 7 1 2 2
3 6 1 2 2
3 8 1 2 2
3 8 1 2 2
3 5 1 2 2
3 8 1 2 2
3 7 1 2 2
3 6 1 2 2
3 6 2 2 3
3 6 1 2 2
3 7 1 2 2
3 6 1 2 2
3 6 1 2 2
3 7 1 2 2
3 9 1 2 2
3 6 1 2 2
3 6 1 2 2
3 5 1 2 2
3 5 1 2 2
3 6 1 2 2
3 7 1 2 2
3 5 1 2 2
3 6 1 2 2
3 6 1 2 2
3 7 1 2 2
3 5 1 2 2
3 5 1 2 2
3 6 1 2 2
3 7 1 2 2
3 7 1 2 2
3 13 1 2 2
3 6 1 2 2
3 7 1 2 3
3 8 1 2 2
3 4 1 2 2
3 5 1 2 2
3 10 1 2 2
3 8 1 2 2
3 6 1 2 2
3 8 1 2 2
3 7 1 2 2
3 8 1 2 2
3 9 1 2 2
3 6 1 2 2
3 8 1 2 2
3 7 1 2 2
3 5 1 2 2
3 8 1 2 2
3 7 1 2 2
3 6 1 2 2
3 5 1 2 2
3 8 1 2 2
3 6 1 2 2
3 5 1 2 2
3 5 1 2 2
3 5 1 2 2
3 5 1 2 2
3 6 1 2 2
3 6 1 2 2
3 15 1 2 2
3 7 1 2 2
3 9 1 2 2
3 6 1 2 2
3 11 1 2 2
3 7 1 2 2
3 7 1 2 2
3 10 1 2 3
3 8 1 2 3
3 6 1 2 2
3 6 1 2 2
3 7 1 2 2
3 6 1 2 2
3 7 1 2 2
3 6 1 2 2
3 8 1 2 2
3 6 1 2 2
3 5 1 2 2
3 8 1 2 3
3 7 1 2 2
3 7 1 2 2
3 6 1 2 2
3 8 1 2 2
3 5 1 2 2
3 9 1 2 2
3 7 1 2 2
3 6 1 2 2
3 8 1 2 2
3 7 1 2 2
3 7 1 2 2
3 8 1 2 2
3 7 1 2 2
3 7 1 2 2
3 6 1 2 2
3 7 1 2 2
3 6 1 2 2
3 4 1 2 2
3 9 1 2 2
3 6 1 2 2
3 5 1 2 2
3 5 1 2 2
3 7 1 2 2
3 6 1 2 2
3 6 1 2 2
3 8 1 2 2
3 6 1 2 2
3 7 1 2 2
3 5 1 2 2
3 4 1 2 2
3 28 1 2 2
3 5 2 2 3
3 5 1 2 2
3 6 1 2 2
3 8 1 2 2
3 6 1 2 2
3 8 1 2 2
3 14 1 2 3
3 17 1 2 2
3 7 1 2 2
3 6 1 2 2
3 5 1 2 2
3 5 1 2 2
3 14 2 2 3
3 9 1 2 2
3 8 1 2 2
3 17 1 2 2
3 5 1 2 2
3 6 1 2 2
3 5 1 2 2
3 6 1 2 2
3 15 1 2 2
3 5 1 2 2
3 6 1 2 2
3 6 1 2 2
3 9 1 2 2
3 12 1 2 2
3 11 1 2 2
3 6 1 2 2
3 6 1 2 2
3 6 1 2 2
3 7 1 2 2
3 5 1 2 3
3 6 1 2 2
3 7 1 2 2
3 13 1 2 3
3 6 1 2 2
3 7 1 2 2
3 6 1 2 2
3 7 1 2 2
3 8 1 2 2
3 7 1 2 2
3 8 1 2 2
3 11 1 2 2
3 6 1 2 2
3 8 1 2 2
3 4 1 2 2
3 7 1 2 2
3 7 1 2 2
3 7 1 2 2
3 8 1 2 2
3 5 1 2 2
3 8 2 2 3
3 6 1 2 2
3 6 1 2 2
3 5 1 2 2
3 5 1 2 2
3 8 1 2 2
3 10 1 2 2
3 15 1 2 2
3 7 1 2 2
3 11 1 2 2
3 8 1 2 2
3 7 1 2 2
3 6 1 2 2
3 4 1 2 2
3 6 1 2 2
3 6 1 2 2
3 6 1 2 2
3 6 1 2 2
3 5 1 2 2
3 7 1 2 2
3 5 1 2 2
3 5 1 2 2
3 7 1 2 2
3 8 1 2 2
3 7 1 2 2
3 6 1 2 2
3 6 1 2 2
3 5 1 2 2
3 6 1 2 2
3 6 1 2 2
3 27 1 2 2
3 23 1 2 2
3 7 1 2 3
3 5 2 2 3
3 8 1 2 2
3 7 1 2 2
3 5 1 2 2
3 9 1 2 2
3 8 1 2 2
3 7 1 2 2
3 9 1 2 3
3 6 1 2 2
3 5 2 2 3
3 8 1 2 3
3 5 1 2 2
3 14 1 2 2
3 6 1 2 2
3 8 1 2 3
3 6 1 2 2
3 11 1 2 2
3 8 1 2 2
3 6 1 2 2
3 7 1 2 2
3 5 1 2 2
3 11 1 2 2
3 9 1 2 3
3 11 1 2 2
3 7 1 2 2
3 10 1 2 2
3 9 1 2 2
3 13 2 2 3
3 6 1 2 2
3 10 1 2 2
3 6 1 2 2
3 6 1 2 2
3 8 1 2 3
3 5 2 2 3
3 6 1 2 2
3 8 1 2 2
3 8 1 2 2
3 6 1 2 2
3 8 1 2 2
3 6 1 2 2
3 17 1 2 3
3 6 1 2 2
3 6 1 2 2
3 14 1 2 2
3 8 1 2 2
3 10 1 2 2
3 5 1 2 2
3 5 1 2 2
3 6 1 2 2
3 6 1 2 2
3 7 1 2 2
3 6 1 2 2
3 9 1 2 2
3 5 1 2 2
3 5 1 2 2
3 9 1 2 2
3 6 1 2 2
3 5 1 2 2
3 6 1 2 2
3 7 1 2 2
3 6 1 2 2
3 6 1 2 2
3 5 1 2 3
3 6 1 2 2
3 6 1 2 2
3 5 1 2 2
3 6 1 2 3
3 8 1 2 2
3 11 1 2 2
3 5 1 2 2
3 5 1 2 2
3 8 1 2 2
3 8 1 2 2
3 7 1 2 2
3 15 1 2 2
3 7 1 2 2
3 5 1 2 2
3 12 1 2 2
3 6 1 2 2
3 11 1 2 3
3 5 1 2 2
3 9 1 2 2
3 9 1 2 2
3 6 1 2 2
3 7 1 2 2
3 11 1 2 2
3 13 1 2 2
3 8 1 2 2
3 13 1 2 3
3 7 1 2 2
3 12 1 2 2
3 5 1 2 2
3 7 1 2 2
3 8 1 2 2
3 11 1 2 2
3 7 1 2 2
3 6 1 2 2
3 6 1 2 2
3 5 1 2 2
3 7 1 2 2
3 5 1 2 2
3 7 1 2 2
3 4 2 2 3
3 5 1 2 2
3 6 1 2 2
3 9 1 2 2
3 5 1 2 2
3 5 1 2 2
3 7 1 2 2
3 6 1 2 2
3 5 1 2 2
3 8 1 2 2
3 6 1 2 2
3 7 1 2 2
3 8 1 2 2
3 7 1 2 2
3 7 1 2 2
3 6 1 2 2
3 6 1 2 2
3 6 1 2 2
3 7 1 2 2
3 5 1 2 2
3 5 1 2 2
3 9 1 2 2
3 5 1 2 2
3 5 1 2 2
3 12 1 2 3
3 7 1 2 2
3 8 1 2 2
3 9 1 2 2
3 5 1 2 2
3 6 1 2 2
3 7 1 2 2
3 6 1 2 3
3 14 1 2 2
3 4 1 2 2
3 6 1 2 2
3 5 1 2 2
3 9 1 2 2
3 8 1 2 2
3 6 1 2 2
3 5 1 2 2
3 7 1 2 2
3 11 1 2 2
3 6 1 2 2
3 6 1 2 2
3 8 1 2 2
3 10 1 2 2
3 6 1 2 2
3 6 1 2 2
3 6 1 2 2
3 5 1 2 2
3 10 1 2 2
3 7 1 2 2
3 7 1 2 2
3 7 1 2 2
3 6 1 2 2
3 6 1 2 2
3 5 1 2 2
3 8 1 2 2
3 5 1 2 2
3 8 1 2 2
3 11 1 2 2
3 6 1 2 2
3 10 1 2 2
3 6 1 2 2
3 15 1 2 2
3 9 1 2 2
3 17 1 2 3
3 6 1 2 2
3 11 1 2 2
3 5 1 2 2
3 5 1 2 2
3 5 1 2 2
3 8 2 2 3
3 8 1 2 2
3 6 1 2 2
3 5 1 2 2
3 7 1 2 2
3 7 1 2 2
3 7 1 2 2
3 6 1 2 2
3 8 1 2 2
3 5 1 2 2
3 7 1 2 2
3 7 1 2 2
3 7 1 2 2
3 7 1 2 2
3 6 1 2 2
3 8 1 2 2
3 7 1 2 2
3 8 1 2 2
3 6 1 2 2
3 17 1 2 2
3 7 1 2 2
3 12 1 2 2
3 6 1 2 2
3 7 1 2 2
3 6 1 2 3
3 7 1 2 2
3 10 1 2 2
3 6 1 2 2
3 6 1 2 2
3 6 1 2 2
3 7 1 2 2
3 7 1 2 2
3 6 1 2 2
3 7 1 2 2
3 8 1 2 2
3 6 1 2 2
3 5 1 2 2
3 11 1 2 2
3 13 1 2 2
3 6 1 2 2
3 8 1 2 2
3 6 1 2 2
3 6 1 2 2
3 8 1 2 2
3 5 2 2 3
3 5 1 2 2
3 5 1 2 2
3 6 1 2 2
3 6 1 2 2
3 6 1 2 2
3 7 2 2 3
3 8 1 2 2
3 8 2 2 3
3 9 1 2 2
3 6 1 2 2
3 8 1 2 2
3 6 1 2 2
3 7 1 2 2
3 8 1 2 2
3 5 1 2 2
3 5 1 2 2
3 7 1 2 2
3 10 1 2 2
3 4 1 2 2
3 9 1 2 2
3 7 1 2 2
3 5 1 2 2
3 5 1 2 2
3 7 1 2 2
3 15 1 2 2
3 5 1 2 2
3 7 1 2 2
3 5 1 2 2
3 5 2 2 3
3 9 1 2 2
3 12 1 2 2
3 6 1 2 2
3 9 1 2 2
3 7 1 2 2
3 9 1 2 3
3 5 1 2 2
3 9 1 2 2
3 8 1 2 2
3 5 1 2 2
3 5 1 2 2
3 7 1 2 2
3 6 1 2 2
3 5 1 2 2
3 8 1 2 3
3 7 1 2 2
3 9 1 2 2
3 7 1 2 2
3 6 1 2 3
3 6 1 2 2
3 6 1 2 2
3 10 1 2 2
3 6 1 2 2
3 10 1 2 2
3 6 1 2 2
3 6 1 2 2
3 6 1 2 2
3 7 1 2 2
3 5 1 2 2
3 10 1 2 2
3 8 1 2 2
3 6 1 2 2
3 5 1 2 2
3 8 1 2 2
3 8 1 2 2
3 6 1 2 2
3 6 1 2 2
3 8 1 2 2
3 7 1 2 2
3 8 1 2 2
3 4 1 2 2
3 4 1 2 2
3 4 1 2 2
3 6 1 2 2
3 5 1 2 2
3 5 1 2 2
3 12 1 2 2
3 6 1 2 2
3 5 1 2 2
3 8 1 2 2
3 5 1 2 2
3 8 1 2 2
3 7 1 2 2
3 6 1 2 2
3 6 1 2 2
3 7 1 2 2
3 5 1 2 2
3 6 1 2 2
3 9 1 2 2
3 6 1 2 2
3 12 1 2 2
3 6 1 2 2
3 7 1 2 2
3 7 1 2 2
3 8 1 2 2
3 4 1 2 2
3 7 1 2 2
3 7 1 2 2
3 6 1 2 2
3 5 1 2 2
3 7 1 2 2
3 5 1 2 2
3 7 1 2 2
3 5 1 2 2
3 6 1 2 2
3 4 2 2 3
3 9 1 2 2
3 8 1 2 2
3 6 1 2 2
3 5 1 2 2
3 8 1 2 2
3 5 1 2 2
3 5 1 2 2
3 12 1 2 2
3 14 1 2 2
3 5 1 2 2
3 7 1 2 2
3 10 1 2 2
3 12 1 2 2
3 7 1 2 2
3 8 1 2 2
3 8 1 2 2
3 5 2 2 3
3 6 1 2 2
3 6 1 2 2
3 5 1 2 2
3 8 1 2 2
3 5 1 2 2
3 7 1 2 2
3 6 1 2 2
3 9 1 2 2
3 6 1 2 2
3 6 1 2 2
3 5 1 2 2
3 15 1 2 2
3 6 1 2 2
3 12 1 2 2
3 8 1 2 2
3 8 1 2 2
3 6 1 2 2
3 14 1 2 2
3 6 1 2 2
3 7 1 2 2
3 5 1 2 2
3 7 1 2 2
3 6 1 2 2
3 6 1 2 2
3 7 1 2 2
3 8 1 2 3
3 5 1 2 2
3 17 1 2 3
3 10 1 2 3
3 6 1 2 2
3 4 1 2 2
3 5 1 2 2
3 7 1 2 2
3 7 1 2 2
3 6 1 2 2
3 5 1 2 2
3 12 1 2 2
3 28 1 2 2
3 5 1 2 2
3 5 1 2 2
3 11 1 2 2
3 5 1 2 2
3 8 1 2 2
3 5 1 2 2
3 7 1 2 2
3 10 1 2 2
3 5 1 2 2
3 6 1 2 3
3 9 1 2 2
3 5 2 2 3
3 8 1 2 2
3 6 1 2 2
3 21 1 2 3
3 6 1 2 2
3 6 1 2 2
3 13 1 2 2
3 6 1 2 2
3 6 1 2 2
3 8 1 2 2
3 7 1 2 2
3 7 1 2 3
3 6 1 2 2
3 5 1 2 2
3 6 1 2 2
3 5 1 2 2
3 6 2 2 3
3 6 1 2 2
3 7 1 2 2
3 7 1 2 2
3 6 1 2 2
3 5 1 2 2
3 9 1 2 2
3 14 1 2 3
3 7 1 2 2
3 5 1 2 2
3 8 1 2 2
3 7 1 2 2
3 7 1 2 2
3 7 2 2 3
3 13 1 2 2
3 6 2 2 3
3 13 1 2 2
3 7 1 2 2
3 5 2 2 3
3 5 1 2 2
3 5 1 2 2
3 5 1 2 2
3 6 1 2 2
3 5 1 2 2
3 9 1 2 2
3 5 1 2 2
3 6 1 2 2
3 5 1 2 2
3 7 1 2 2
3 6 1 2 2
3 6 1 2 2
3 7 1 2 2
3 10 1 2 2
3 5 1 2 2
3 8 1 2 2
3 6 1 2 2
3 6 1 2 2
3 4 1 2 2
3 9 1 2 2
3 8 1 2 2
3 5 1 2 2
3 8 1 2 2
3 8 1 2 2
3 7 1 2 2
3 6 1 2 2
3 8 1 2 2
3 8 1 2 2
3 5 1 2 2
3 8 1 2 2
3 7 1 2 2
3 6 1 2 2
3 6 2 2 3
3 6 1 2 2
3 7 1 2 2
3 6 1 2 2
3 6 1 2 2
3 7 1 2 2
3 9 1 2 2
3 6 1 2 2
3 6 1 2 2
3 5 1 2 2
3 5 1 2 2
3 6 1 2 2
3 7 1 2 2
3 5 1 2 2
3 6 1 2 2
3 6 1 2 2
3 7 1 2 2
3 5 1 2 2
3 5 1 2 2
3 6 1 2 2
3 7 1 2 2
3 7 1 2 2
3 13 1 2 2
3 6 1 2 2
3 7 1 2 3
3 8 1 2 2
3 4 1 2 2
3 5 1 2 2
3 10 1 2 2
3 8 1 2 2
3 6 1 2 2
3 8 1 2 2
3 7 1 2 2
3 8 1 2 2
3 9 1 2 2
3 6 1 2 2
3 8 1 2 2
3 7 1 2 2
3 5 1 2 2
3 8 1 2 2
3 7 1 2 2
3 6 1 2 2
3 5 1 2 2
3 8 1 2 2
3 6 1 2 2
3 5 1 2 2
3 5 1 2 2
3 5 1 2 2
3 5 1 2 2
3 6 1 2 2
3 6 1 2 2
3 15 1 2 2
3 7 1 2 2
3 9 1 2 2
3 6 1 2 2
3 11 1 2 2
3 7 1 2 2
3 7 1 2 2
3 10 1 2 3
3 8 1 2 3
3 6 1 2 2
3 6 1 2 2
3 7 1 2 2
3 6 1 2 2
3 7 1 2 2
3 6 1 2 2
3 8 1 2 2
3 6 1 2 2
3 5 1 2 2
3 8 1 2 3
3 7 1 2 2
3 7 1 2 2
3 6 1 2 2
3 8 1 2 2
3 5 1 2 2
3 9 1 2 2
3 7 1 2 2
3 6 1 2 2
3 8 1 2 2
3 7 1 2 2
3 7 1 2 2
3 8 1 2 2
3 7 1 2 2
3 7 1 2 2
3 6 1 2 2
3 7 1 2 2
3 6 1 2 2
3 4 1 2 2
3 9 1 2 2
3 6 1 2 2
3 5 1 2 2
3 5 1 2 2
3 7 1 2 2
3 6 1 2 2
3 6 1 2 2
3 8 1 2 2
3 6 1 2 2
3 7 1 2 2
3 5 1 2 2
3 4 1 2 2
3 28 1 2 2
3 5 2 2 3
3 5 1 2 2
3 6 1 2 2
3 8 1 2 2
3 6 1 2 2
3 8 1 2 2
3 14 1 2 3
3 17 1 2 2
3 7 1 2 2
3 6 1 2 2
3 5 1 2 2
3 5 1 2 2
3 14 2 2 3
3 9 1 2 2
3 8 1 2 2
3 17 1 2 2
3 5 1 2 2
3 6 1 2 2
3 5 1 2 2
3 6 1 2 2
3 15 1 2 2
3 5 1 2 2
3 6 1 2 2
3 6 1 2 2
3 9 1 2 2
3 12 1 2 2
3 11 1 2 2
3 6 1 2 2
3 6 1 2 2
3 6 1 2 2
3 7 1 2 2
3 5 1 2 3
3 6 1 2 2
3 7 1 2 2
3 13 1 2 3
3 6 1 2 2
3 7 1 2 2
3 6 1 2 2
3 7 1 2 2
3 8 1 2 2
3 7 1 2 2
3 8 1 2 2
3 11 1 2 2
3 6 1 2 2
3 8 1 2 2
3 4 1 2 2
3 7 1 2 2
3 7 1 2 2
3 7 1 2 2
3 8 1 2 2
3 5 1 2 2
3 8 2 2 3
3 6 1 2 2
3 6 1 2 2
3 5 1 2 2
3 5 1 2 2
3 8 1 2 2
3 10 1 2 2
3 15 1 2 2
3 7 1 2 2
3 11 1 2 2
3 8 1 2 2
3 7 1 2 2
3 6 1 2 2
3 4 1 2 2
3 6 1 2 2
3 6 1 2 2
3 6 1 2 2
3 6 1 2 2
3 5 1 2 2
3 7 1 2 2
3 5 1 2 2
3 5 1 2 2
3 7 1 2 2
3 8 1 2 2
3 7 1 2 2
3 6 1 2 2
3 6 1 2 2
3 5 1 2 2
3 6 1 2 2
3 6 1 2 2
3 27 1 2 2
3 23 1 2 2
3 7 1 2 3
3 5 2 2 3
3 8 1 2 2
3 7 1 2 2
3 5 1 2 2
3 9 1 2 2
3 8 1 2 2
3 7 1 2 2
3 9 1 2 3
3 6 1 2 2
3 5 2 2 3
3 8 1 2 3
3 5 1 2 2
3 14 1 2 2
3 6 1 2 2
3 8 1 2 3
3 6 1 2 2
3 11 1 2 2
3 8 1 2 2
3 6 1 2 2
3 7 1 2 2
3 5 1 2 2
3 11 1 2 2
3 9 1 2 3
3 11 1 2 2
3 7 1 2 2
3 10 1 2 2
3 9 1 2 2
3 13 2 2 3
3 6 1 2 2
3 10 1 2 2
3 6 1 2 2
3 6 1 2 2
3 8 1 2 3
3 5 2 2 3
3 6 1 2 2
3 8 1 2 2
3 8 1 2 2
3 6 1 2 2
3 8 1 2 2
3 6 1 2 2
3 17 1 2 3
3 6 1 2 2
3 6 1 2 2
3 14 1 2 2
3 8 1 2 2
3 10 1 2 2
3 5 1 2 2
3 5 1 2 2
3 6 1 2 2
3 6 1 2 2
3 7 1 2 2
3 6 1 2 2
3 9 1 2 2
3 5 1 2 2
3 5 1 2 2
3 9 1 2 2
3 6 1 2 2
3 5 1 2 2
3 6 1 2 2
3 7 1 2 2
3 6 1 2 2
3 6 1 2 2
3 5 1 2 3
3 6 1 2 2
3 6 1 2 2
3 5 1 2 2
3 6 1 2 3
3 8 1 2 2
3 11 1 2 2
3 5 1 2 2
3 5 1 2 2
3 8 1 2 2
3 8 1 2 2
3 7 1 2 2
3 15 1 2 2
3 7 1 2 2
3 5 1 2 2
3 12 1 2 2
3 6 1 2 2
3 11 1 2 3
3 5 1 2 2
3 9 1 2 2
3 9 1 2 2
3 6 1 2 2
3 7 1 2 2
3 11 1 2 2
3 13 1 2 2
3 8 1 2 2
3 13 1 2 3
3 7 1 2 2
3 12 1 2 2
3 5 1 2 2
3 7 1 2 2
3 8 1 2 2
3 11 1 2 2
3 7 1 2 2
3 6 1 2 2
3 6 1 2 2
3 5 1 2 2
3 7 1 2 2
3 5 1 2 2
