4 6 2 3 4
4 9 3 3 4
4 6 3 3 4
4 4 4 4 4
4 4 4 4 4
4 4 4 4 4
4 9 2 3 3
4 5 3 3 4
4 5 3 3 4
4 7 3 3 4
4 9 2 3 4
4 9 1 3 3
4 7 3 3 4
4 11 3 3 4
4 8 2 3 4
4 5 3 3 4
4 5 3 3 4
4 4 4 4 4
4 8 2 3 4
4 11 1 3 4
4 7 1 3 3
4 8 1 3 3
4 8 2 3 4
4 7 2 3 4
4 5 2 3 4
4 6 2 3 4
4 6 2 3 4
4 5 3 3 4
4 7 3 3 4
4 4 4 4 4
4 6 2 4 4
4 4 4 4 4
4 7 2 3 4
4 6 2 3 4
4 5 3 3 4
4 21 1 3 3
4 7 1 3 3
4 6 2 3 4
4 7 1 3 4
4 8 2 3 4
4 6 2 3 4
4 8 2 3 4
4 6 3 3 4
4 6 2 3 4
4 5 3 3 4
4 6 2 3 3
4 15 1 3 3
4 6 2 3 4
4 6 1 3 3
4 7 2 3 3
4 10 1 3 3
4 4 4 4 4
4 5 3 3 4
4 4 4 4 4
4 9 2 3 3
4 5 3 3 4
4 9 3 3 4
4 6 2 3 4
4 9 2 3 4
4 7 2 3 3
4 8 2 3 3
4 8 2 3 3
4 8 2 3 4
4 7 3 3 4
4 5 3 3 4
4 8 2 3 3
4 9 1 3 3
4 8 1 3 3
4 4 4 4 4
4 10 2 3 4
4 4 4 4 4
4 5 3 3 4
4 7 2 3 3
4 8 2 3 3
4 7 3 3 4
4 4 4 4 4
4 7 1 3 3
4 8 2 3 4
4 5 3 3 4
4 9 1 3 3
4 10 1 3 4
4 8 1 3 3
4 11 1 3 3
4 5 3 3 4
4 7 2 3 4
4 4 4 4 4
4 4 4 4 4
4 9 2 3 4
4 7 2 3 4
4 5 3 3 4
4 7 3 3 4
4 5 3 3 4
4 6 3 3 4
4 10 1 3 4
4 5 3 3 4
4 5 3 3 4
4 6 2 3 4
4 8 2 3 4
4 22 3 3 4
4 5 3 3 4
4 8 1 3 3
4 10 1 3 3
4 5 3 3 4
4 7 2 3 4
4 7 3 3 4
4 5 3 3 4
4 8 2 3 4
4 9 3 3 4
4 5 3 3 4
4 4 4 4 4
4 4 4 4 4
4 8 2 3 4
4 7 2 3 3
4 5 3 3 4
4 5 3 3 4
4 6 3 3 4
4 10 1 3 3
4 7 2 3 3
4 11 1 3 3
4 4 4 4 4
4 6 2 3 3
4 6 2 3 3
4 4 4 4 4
4 8 2 3 4
4 6 2 3 3
4 7 2 3 4
4 7 2 3 4
4 7 1 3 3
4 6 2 3 4
4 4 4 4 4
4 4 4 4 4
4 6 2 3 4
4 8 3 3 4
4 6 3 3 4
4 6 1 3 3
4 9 2 3 3
4 9 2 3 3
4 4 4 4 4
4 9 3 3 4
4 48 2 3 4
4 11 3 3 4
4 6 3 3 4
4 4 4 4 4
4 6 1 3 3
4 9 2 3 4
4 8 3 3 4
4 6 2 3 3
4 9 2 3 3
4 5 3 3 4
4 8 2 3 4
4 9 1 3 4
4 4 4 4 4
4 22 1 3 4
4 7 1 3 3
4 7 2 3 3
4 5 2 3 3
4 5 2 3 3
4 5 3 3 4
4 7 1 3 3
4 6 2 3 4
4 9 1 3 3
4 5 3 3 4
4 5 2 3 3
4 5 3 3 4
4 8 2 3 3
4 13 3 3 4
4 7 2 3 4
4 4 4 4 4
4 5 3 3 4
4 4 4 4 4
4 4 4 4 4
4 8 1 3 3
4 4 4 4 4
4 6 2 3 4
4 6 3 3 4
4 6 3 3 4
4 13 1 3 4
4 5 3 3 4
4 29 2 3 4
4 6 1 3 3
4 7 2 3 3
4 9 2 3 4
4 6 2 3 4
4 6 2 3 3
4 5 3 3 4
4 4 4 4 4
4 5 3 3 4
4 12 1 2 3
4 10 2 3 3
4 8 3 3 4
4 6 3 3 4
4 11 2 3 4
4 13 2 3 4
4 7 2 3 4
4 8 2 3 3
4 6 2 3 4
4 4 4 4 4
4 9 2 3 4
4 9 2 2 3
4 6 2 3 4
4 10 2 3 4
4 12 3 3 4
4 7 2 3 4
4 9 1 2 3
4 5 3 3 4
4 5 3 3 4
4 6 1 3 3
4 6 2 4 4
4 4 4 4 4
4 8 1 3 3
4 11 1 3 3
4 7 2 3 4
4 5 3 3 4
4 4 4 4 4
4 7 3 3 4
4 7 3 3 4
4 6 3 3 4
4 9 1 3 3
4 7 2 2 4
4 5 3 3 4
4 5 3 3 4
4 5 3 3 4
4 7 3 3 4
4 14 1 3 3
4 7 1 3 3
4 5 3 3 4
4 7 2 3 4
4 7 3 3 4
4 6 2 3 3
4 9 2 3 4
4 6 2 3 3
4 9 2 3 4
4 4 4 4 4
4 7 3 3 4
4 5 3 3 4
4 7 1 2 2
4 7 1 3 3
4 7 2 3 4
4 6 3 3 4
4 5 3 3 4
4 14 2 3 4
4 7 3 3 4
4 8 2 3 4
4 9 2 3 3
4 6 3 3 4
4 6 2 3 3
4 4 4 4 4
4 5 3 3 4
4 7 2 2 4
4 5 3 3 4
4 8 1 3 3
4 11 2 3 4
4 8 1 3 3
4 5 3 3 4
4 5 3 3 4
4 6 3 3 4
4 4 4 4 4
4 6 3 2 4
4 17 2 3 4
4 5 3 3 4
4 6 1 3 4
4 5 3 3 4
4 6 2 3 4
4 11 2 3 4
4 5 3 3 4
4 6 3 3 4
4 10 2 3 4
4 7 3 3 4
4 7 2 3 3
4 4 4 4 4
4 4 4 4 4
4 5 3 3 4
4 4 4 4 4
4 7 1 3 3
4 7 2 3 4
4 6 2 3 3
4 5 3 3 4
4 7 3 3 4
4 7 1 3 3
4 12 3 3 4
4 4 4 4 4
4 5 3 3 4
4 7 2 3 3
4 6 2 3 3
4 8 2 3 3
4 8 3 3 4
4 18 1 3 4
4 9 2 3 4
4 4 4 4 4
4 7 2 3 4
4 4 4 4 4
4 4 4 4 4
4 8 1 3 3
4 7 2 3 4
4 16 1 3 3
4 5 3 3 4
4 5 3 3 4
4 5 3 3 4
4 12 2 3 3
4 11 1 3 4
4 8 2 3 4
4 11 2 3 4
4 5 2 3 3
4 7 3 3 4
4 18 1 3 3
4 5 3 3 4
4 5 3 3 4
4 4 4 4 4
4 9 2 3 4
4 5 3 3 4
4 4 4 4 4
4 9 3 3 4
4 8 1 3 3
4 7 1 3 4
4 5 3 3 4
4 11 1 3 3
4 7 3 3 4
4 4 4 4 4
4 4 4 4 4
4 4 4 4 4
4 10 1 3 4
4 8 1 3 3
4 5 3 3 4
4 5 3 3 4
4 4 4 4 4
4 6 2 3 4
4 4 4 4 4
4 5 3 3 4
4 5 3 3 4
4 5 3 3 4
4 4 4 4 4
4 8 2 3 3
4 7 2 3 4
4 6 2 3 4
4 6 2 3 3
4 5 3 3 4
4 9 1 3 3
4 10 2 3 4
4 4 4 4 4
4 5 3 3 4
4 9 1 3 4
4 7 2 3 3
4 7 2 3 3
4 9 1 3 3
4 8 2 3 4
4 6 2 3 3
4 5 3 3 4
4 9 1 3 3
4 10 2 3 4
4 10 1 3 4
4 8 2 2 4
4 10 1 3 3
4 9 2 3 3
4 4 4 4 4
4 10 2 3 4
4 6 2 3 3
4 4 4 4 4
4 17 1 3 3
4 4 4 4 4
4 5 3 3 4
4 5 3 3 4
4 10 1 3 3
4 4 4 4 4
4 5 3 3 4
4 9 2 3 4
4 4 4 4 4
4 7 1 3 3
4 6 3 3 4
4 14 2 3 4
4 4 4 4 4
4 6 2 3 3
4 4 4 4 4
4 9 2 3 4
4 7 2 2 4
4 4 4 4 4
4 11 1 3 3
4 8 2 3 4
4 9 2 3 4
4 4 4 4 4
4 5 3 3 4
4 6 2 3 4
4 5 2 3 3
4 4 4 4 4
4 5 3 3 4
4 13 1 3 3
4 4 4 4 4
4 8 1 3 3
4 8 2 3 4
4 7 3 3 4
4 6 3 3 4
4 9 1 3 3
4 9 2 3 3
4 4 4 4 4
4 10 3 3 4
4 4 4 4 4
4 8 2 3 4
4 14 1 3 3
4 8 1 3 3
4 8 2 3 4
4 7 2 3 4
4 9 2 3 4
4 5 3 3 4
4 7 3 3 4
4 4 4 4 4
4 8 1 3 3
4 5 3 3 4
4 6 2 3 3
4 4 4 4 4
4 6 2 3 4
4 13 2 3 4
4 10 1 3 3
4 9 2 3 4
4 6 2 3 4
4 5 2 4 4
4 5 3 3 4
4 8 2 3 4
4 6 3 3 4
4 6 2 3 4
4 16 1 3 4
4 8 2 3 4
4 10 1 3 3
4 8 1 3 3
4 9 1 3 3
4 7 3 3 4
4 6 2 3 3
4 5 3 3 4
4 9 2 3 4
4 6 2 3 4
4 8 2 3 4
4 4 4 4 4
4 8 2 3 3
4 4 4 4 4
4 11 2 3 4
4 8 3 3 4
4 5 3 3 4
4 6 3 3 4
4 10 1 3 3
4 8 3 3 4
4 6 2 3 3
4 7 2 3 4
4 9 1 3 3
4 7 3 3 4
4 8 2 3 4
4 7 1 3 3
4 6 3 3 4
4 5 3 3 4
4 5 3 3 4
4 5 3 3 4
4 5 3 3 4
4 8 1 3 3
4 5 3 3 4
4 7 1 3 3
4 6 2 3 3
4 11 2 3 4
4 7 1 3 3
4 7 2 2 4
4 6 2 3 4
4 13 1 3 3
4 5 3 3 4
4 7 2 3 3
4 6 2 3 4
4 10 2 3 4
4 7 2 3 4
4 11 1 3 3
4 5 3 3 4
4 6 2 3 3
4 6 3 3 4
4 5 1 3 3
4 5 1 3 3
4 7 3 3 4
4 4 4 4 4
4 4 4 4 4
4 5 3 3 4
4 4 4 4 4
4 7 2 3 3
4 8 1 3 3
4 7 2 3 4
4 5 3 3 4
4 6 2 3 4
4 8 1 3 3
4 5 3 3 4
4 7 1 3 3
4 6 2 3 4
4 8 2 3 4
4 4 4 4 4
4 5 3 3 4
4 7 1 3 3
4 15 2 3 4
4 7 2 3 3
4 4 4 4 4
4 12 1 3 3
4 5 3 3 4
4 5 3 3 4
4 6 2 3 3
4 8 2 3 3
4 9 2 3 4
4 7 3 3 4
4 5 3 3 4
4 5 3 3 4
4 7 2 3 4
4 8 1 3 3
4 7 1 3 3
4 8 2 3 3
4 4 4 4 4
4 4 4 4 4
4 9 1 3 3
4 7 2 3 3
4 7 2 3 4
4 11 1 3 3
4 4 4 4 4
4 8 2 3 4
4 6 2 3 4
4 5 3 3 4
4 8 2 3 3
4 8 2 3 4
4 9 1 3 3
4 7 2 3 3
4 6 3 3 4
4 6 2 3 3
4 8 2 3 4
4 6 3 3 4
4 10 2 3 4
4 6 3 3 4
4 8 2 3 4
4 11 1 3 3
4 6 3 3 4
4 8 2 3 4
4 5 2 3 3
4 9 2 3 4
4 8 1 3 3
4 8 2 3 3
4 4 4 4 4
4 5 3 3 4
4 10 2 3 3
4 6 3 3 4
4 7 1 3 3
4 6 3 3 4
4 5 2 3 3
4 4 4 4 4
4 4 4 4 4
4 4 4 4 4
4 4 4 4 4
4 4 4 4 4
4 4 4 4 4
4 4 4 4 4
4 6 2 3 3
4 11 2 3 4
4 9 2 3 4
4 8 1 3 3
4 5 3 3 4
4 7 2 3 4
4 11 1 3 4
4 14 1 3 3
4 6 1 3 3
4 5 3 3 4
4 8 2 3 4
4 5 3 3 4
4 7 2 3 4
4 9 2 3 4
4 7 2 3 4
4 4 4 4 4
4 8 2 3 4
4 6 1 3 3
4 7 2 3 4
4 8 2 3 4
4 5 3 3 4
4 9 1 3 3
4 6 1 3 3
4 5 3 3 4
4 8 1 3 3
4 6 3 3 4
4 17 2 3 4
4 8 2 3 4
4 9 2 3 3
4 5 3 3 4
4 10 1 3 3
4 8 3 3 4
4 9 2 3 3
4 6 2 3 4
4 12 2 3 4
4 8 2 3 4
4 6 2 3 4
4 6 2 3 3
4 8 1 3 3
4 4 4 4 4
4 4 4 4 4
4 7 1 3 3
4 8 1 3 3
4 7 2 3 4
4 6 2 3 4
4 8 2 3 4
4 9 2 3 4
4 6 3 3 4
4 6 3 3 4
4 5 3 3 4
4 6 2 3 4
4 9 2 3 4
4 9 1 3 3
4 8 2 3 4
4 7 2 3 4
4 8 1 3 3
4 7 2 3 4
4 5 3 3 4
4 12 1 3 3
4 13 1 3 3
4 9 3 3 4
4 8 3 3 4
4 8 2 3 4
4 6 2 3 4
4 4 4 4 4
4 8 2 3 4
4 5 3 3 4
4 10 2 3 4
4 8 1 3 3
4 9 1 3 3
4 7 2 3 3
4 5 3 3 4
4 8 1 3 3
4 8 2 2 4
4 10 1 3 3
4 10 2 3 4
4 6 3 3 4
4 5 3 3 4
4 10 3 3 4
4 7 3 3 4
4 7 3 3 4
4 5 3 3 4
4 4 4 4 4
4 6 3 3 4
4 11 1 3 4
4 7 2 3 4
4 7 2 3 3
4 9 2 3 4
4 6 2 3 4
4 6 3 3 4
4 6 3 3 4
4 5 3 3 4
4 7 1 3 3
4 8 1 3 3
4 10 1 3 3
4 8 2 3 4
4 6 3 3 4
4 7 2 3 4
4 6 3 3 4
4 6 2 3 3
4 4 4 4 4
4 6 2 3 4
4 4 4 4 4
4 9 2 3 3
4 6 3 3 4
4 6 3 3 4
4 7 2 3 4
4 9 2 3 4
4 7 2 3 4
4 9 2 3 4
4 5 3 3 4
4 8 1 3 3
4 8 2 3 4
4 7 1 3 3
4 4 4 4 4
4 6 2 3 3
4 7 2 3 4
4 6 3 3 4
4 5 3 3 4
4 5 3 3 4
4 6 2 3 3
4 10 1 3 3
4 5 3 3 4
4 9 2 3 4
4 6 2 3 4
4 5 3 3 4
4 5 3 3 4
4 8 2 3 4
4 11 1 3 3
4 6 2 3 3
4 4 4 4 4
4 5 3 3 4
4 10 1 3 3
4 6 1 3 3
4 8 2 3 4
4 5 2 3 3
4 5 3 3 4
4 6 2 3 4
4 7 3 3 4
4 6 2 3 3
4 7 2 3 4
4 13 1 3 4
4 8 1 3 3
4 7 3 3 4
4 10 1 3 3
4 8 2 3 4
4 6 3 3 4
4 9 3 3 4
4 10 2 3 4
4 6 2 3 3
4 6 2 3 3
4 7 1 3 3
4 6 3 3 4
4 4 4 4 4
4 8 2 2 4
4 7 2 3 4
4 5 3 3 4
4 6 2 3 4
4 9 1 3 3
4 12 1 3 4
4 7 1 3 3
4 5 3 3 4
4 8 2 3 4
4 11 2 3 4
4 5 3 3 4
4 6 3 3 4
4 7 3 3 4
4 6 3 3 4
4 6 3 3 4
4 6 3 3 4
4 5 3 3 4
4 6 2 3 3
4 8 2 3 3
4 6 3 3 4
4 5 3 3 4
4 6 3 3 4
4 7 3 3 4
4 8 2 3 4
4 7 3 3 4
4 6 3 3 4
4 10 2 3 4
4 7 3 3 4
4 9 2 3 4
4 9 2 3 4
4 18 1 3 3
4 9 1 3 3
4 8 1 3 3
4 6 3 3 4
4 6 2 3 4
4 13 2 3 3
4 4 4 4 4
4 8 2 3 3
4 8 2 3 4
4 6 2 3 4
4 7 1 3 3
4 6 2 3 4
4 5 3 3 4
4 5 2 3 3
4 7 2 3 4
4 5 3 3 4
4 7 3 3 4
4 8 2 3 4
4 5 3 3 4
4 5 2 3 3
4 16 1 3 3
4 6 2 3 3
4 8 2 3 4
4 4 4 4 4
4 8 3 3 4
4 4 4 4 4
4 4 4 4 4
4 13 2 3 4
4 4 4 4 4
4 6 2 3 3
4 6 2 3 4
4 10 1 3 3
4 5 1 3 3
4 9 2 3 4
4 7 1 3 3
4 7 3 3 4
4 6 3 3 4
4 6 2 3 4
4 6 1 3 3
4 14 1 3 3
4 9 3 3 4
4 6 2 3 3
4 6 3 3 4
4 6 2 3 4
4 6 2 3 4
4 8 2 3 4
4 5 3 3 4
4 7 2 3 4
4 5 2 3 3
4 4 4 4 4
4 6 2 3 4
4 6 2 3 4
4 5 3 3 4
4 5 3 3 4
4 6 2 3 3
4 11 2 3 4
4 7 2 3 4
4 6 3 3 4
4 10 1 3 3
4 9 1 3 3
4 7 2 2 4
4 5 3 3 4
4 5 3 3 4
4 6 2 3 4
4 5 3 3 4
4 11 2 3 4
4 8 1 3 3
4 6 1 3 3
4 5 3 3 4
4 5 3 3 4
4 7 2 3 4
4 6 2 3 3
4 4 4 4 4
4 7 3 3 4
4 6 2 3 4
4 13 1 3 3
4 5 2 3 3
4 7 1 3 3
4 4 4 4 4
4 6 2 3 4
4 9 2 3 4
4 6 2 3 3
4 9 1 3 3
4 9 1 3 3
4 8 3 3 4
4 9 2 3 3
4 7 3 3 4
4 10 2 3 3
4 10 2 3 4
4 12 2 3 4
4 11 1 3 3
4 13 2 3 4
4 6 2 3 4
4 7 2 3 4
4 5 3 3 4
4 5 3 3 4
4 10 2 3 4
4 8 3 3 4
4 11 3 3 4
4 5 3 3 4
4 7 1 3 3
4 5 2 3 3
4 5 2 3 3
4 7 2 3 4
4 6 2 3 4
4 6 2 3 3
4 5 3 3 4
4 6 3 3 4
4 5 3 3 4
4 9 3 3 4
4 8 2 3 4
4 7 2 3 4
4 7 2 3 3
4 5 3 3 4
4 6 2 3 4
4 5 2 3 4
4 9 1 3 3
4 7 3 3 4
4 6 2 3 4
4 6 3 3 4
4 5 3 3 4
4 11 1 3 4
4 6 2 3 4
4 4 4 4 4
4 7 1 3 3
4 7 1 3 3
4 5 3 3 4
4 7 2 3 4
4 9 2 3 3
4 10 3 2 4
4 6 3 2 4
4 7 3 3 4
4 5 3 3 4
4 7 2 3 4
4 10 2 3 4
4 4 4 4 4
4 5 2 3 3
4 9 1 3 3
4 7 1 3 4
4 9 1 3 3
4 4 4 4 4
4 8 2 3 4
4 8 2 3 3
4 12 2 3 4
4 4 4 4 4
4 10 1 3 3
4 5 3 3 4
4 4 4 4 4
4 8 1 3 3
4 11 1 3 3
4 8 1 3 3
4 6 1 3 3
4 6 3 3 4
4 6 2 3 4
4 12 1 2 3
4 5 3 3 4
4 5 3 3 4
4 5 3 3 4
4 11 2 3 3
4 4 4 4 4
4 9 1 3 3
4 7 2 3 4
4 4 4 4 4
4 7 1 3 3
4 9 1 3 3
4 5 3 3 4
4 9 2 3 4
4 8 2 3 4
4 12 2 3 4
4 7 1 3 3
4 8 3 3 4
4 5 3 3 4
4 5 3 3 4
4 5 3 3 4
4 5 1 3 3
4 9 2 3 4
4 6 2 3 4
4 9 3 3 4
4 6 3 3 4
4 4 4 4 4
4 4 4 4 4
4 4 4 4 4
4 9 2 3 3
4 5 3 3 4
4 5 3 3 4
4 7 3 3 4
4 9 2 3 4
4 9 1 3 3
4 7 3 3 4
4 11 3 3 4
4 8 2 3 4
4 5 3 3 4
4 5 3 3 4
4 4 4 4 4
4 8 2 3 4
4 11 1 3 4
4 7 1 3 3
4 8 1 3 3
4 8 2 3 4
4 7 2 3 4
4 5 2 3 4
4 6 2 3 4
4 6 2 3 4
4 5 3 3 4
4 7 3 3 4
4 4 4 4 4
4 6 2 4 4
4 4 4 4 4
4 7 2 3 4
4 6 2 3 4
4 5 3 3 4
4 21 1 3 3
4 7 1 3 3
4 6 2 3 4
4 7 1 3 4
4 8 2 3 4
4 6 2 3 4
4 8 2 3 4
4 6 3 3 4
4 6 2 3 4
4 5 3 3 4
4 6 2 3 3
4 15 1 3 3
4 6 2 3 4
4 6 1 3 3
4 7 2 3 3
4 10 1 3 3
4 4 4 4 4
4 5 3 3 4
4 4 4 4 4
4 9 2 3 3
4 5 3 3 4
4 9 3 3 4
4 6 2 3 4
4 9 2 3 4
4 7 2 3 3
4 8 2 3 3
4 8 2 3 3
4 8 2 3 4
4 7 3 3 4
4 5 3 3 4
4 8 2 3 3
4 9 1 3 3
4 8 1 3 3
4 4 4 4 4
4 10 2 3 4
4 4 4 4 4
4 5 3 3 4
4 7 2 3 3
4 8 2 3 3
4 7 3 3 4
4 4 4 4 4
4 7 1 3 3
4 8 2 3 4
4 5 3 3 4
4 9 1 3 3
4 10 1 3 4
4 8 1 3 3
4 11 1 3 3
4 5 3 3 4
4 7 2 3 4
4 4 4 4 4
4 4 4 4 4
4 9 2 3 4
4 7 2 3 4
4 5 3 3 4
4 7 3 3 4
4 5 3 3 4
4 6 3 3 4
4 10 1 3 4
4 5 3 3 4
4 5 3 3 4
4 6 2 3 4
4 8 2 3 4
4 22 3 3 4
4 5 3 3 4
4 8 1 3 3
4 10 1 3 3
4 5 3 3 4
4 7 2 3 4
4 7 3 3 4
4 5 3 3 4
4 8 2 3 4
4 9 3 3 4
4 5 3 3 4
4 4 4 4 4
4 4 4 4 4
4 8 2 3 4
4 7 2 3 3
4 5 3 3 4
4 5 3 3 4
4 6 3 3 4
4 10 1 3 3
4 7 2 3 3
4 11 1 3 3
4 4 4 4 4
4 6 2 3 3
4 6 2 3 3
4 4 4 4 4
4 8 2 3 4
4 6 2 3 3
4 7 2 3 4
4 7 2 3 4
4 7 1 3 3
4 6 2 3 4
4 4 4 4 4
4 4 4 4 4
4 6 2 3 4
4 8 3 3 4
4 6 3 3 4
4 6 1 3 3
4 9 2 3 3
4 9 2 3 3
4 4 4 4 4
4 9 3 3 4
4 48 2 3 4
4 11 3 3 4
4 6 3 3 4
4 4 4 4 4
4 6 1 3 3
4 9 2 3 4
4 8 3 3 4
4 6 2 3 3
4 9 2 3 3
4 5 3 3 4
4 8 2 3 4
4 9 1 3 4
4 4 4 4 4
4 22 1 3 4
4 7 1 3 3
4 7 2 3 3
4 5 2 3 3
4 5 2 3 3
4 5 3 3 4
4 7 1 3 3
4 6 2 3 4
4 9 1 3 3
4 5 3 3 4
4 5 2 3 3
4 5 3 3 4
4 8 2 3 3
4 13 3 3 4
4 7 2 3 4
4 4 4 4 4
4 5 3 3 4
4 4 4 4 4
4 4 4 4 4
4 8 1 3 3
4 4 4 4 4
4 6 2 3 4
4 6 3 3 4
4 6 3 3 4
4 13 1 3 4
4 5 3 3 4
4 29 2 3 4
4 6 1 3 3
4 7 2 3 3
4 9 2 3 4
4 6 2 3 4
4 6 2 3 3
4 5 3 3 4
4 4 4 4 4
4 5 3 3 4
4 12 1 2 3
4 10 2 3 3
4 8 3 3 4
4 6 3 3 4
4 11 2 3 4
4 13 2 3 4
4 7 2 3 4
4 8 2 3 3
4 6 2 3 4
4 4 4 4 4
4 9 2 3 4
4 9 2 2 3
4 6 2 3 4
4 10 2 3 4
4 12 3 3 4
4 7 2 3 4
4 9 1 2 3
4 5 3 3 4
4 5 3 3 4
4 6 1 3 3
4 6 2 4 4
4 4 4 4 4
4 8 1 3 3
4 11 1 3 3
4 7 2 3 4
4 5 3 3 4
4 4 4 4 4
4 7 3 3 4
4 7 3 3 4
4 6 3 3 4
4 9 1 3 3
4 7 2 2 4
4 5 3 3 4
4 5 3 3 4
4 5 3 3 4
4 7 3 3 4
4 14 1 3 3
4 7 1 3 3
4 5 3 3 4
4 7 2 3 4
4 7 3 3 4
4 6 2 3 3
4 9 2 3 4
4 6 2 3 3
4 9 2 3 4
4 4 4 4 4
4 7 3 3 4
4 5 3 3 4
4 7 1 2 2
4 7 1 3 3
4 7 2 3 4
4 6 3 3 4
4 5 3 3 4
4 14 2 3 4
4 7 3 3 4
4 8 2 3 4
4 9 2 3 3
4 6 3 3 4
4 6 2 3 3
4 4 4 4 4
4 5 3 3 4
4 7 2 2 4
4 5 3 3 4
4 8 1 3 3
4 11 2 3 4
4 8 1 3 3
4 5 3 3 4
4 5 3 3 4
4 6 3 3 4
4 4 4 4 4
4 6 3 2 4
4 17 2 3 4
4 5 3 3 4
4 6 1 3 4
4 5 3 3 4
4 6 2 3 4
4 11 2 3 4
4 5 3 3 4
4 6 3 3 4
4 10 2 3 4
4 7 3 3 4
4 7 2 3 3
4 4 4 4 4
4 4 4 4 4
4 5 3 3 4
4 4 4 4 4
4 7 1 3 3
4 7 2 3 4
4 6 2 3 3
4 5 3 3 4
4 7 3 3 4
4 7 1 3 3
4 12 3 3 4
4 4 4 4 4
4 5 3 3 4
4 7 2 3 3
4 6 2 3 3
4 8 2 3 3
4 8 3 3 4
4 18 1 3 4
4 9 2 3 4
4 4 4 4 4
4 7 2 3 4
4 4 4 4 4
4 4 4 4 4
4 8 1 3 3
4 7 2 3 4
4 16 1 3 3
4 5 3 3 4
4 5 3 3 4
4 5 3 3 4
4 12 2 3 3
4 11 1 3 4
4 8 2 3 4
4 11 2 3 4
4 5 2 3 3
4 7 3 3 4
4 18 1 3 3
4 5 3 3 4
4 5 3 3 4
4 4 4 4 4
4 9 2 3 4
4 5 3 3 4
4 4 4 4 4
4 9 3 3 4
4 8 1 3 3
4 7 1 3 4
4 5 3 3 4
4 11 1 3 3
4 7 3 3 4
4 4 4 4 4
4 4 4 4 4
4 4 4 4 4
4 10 1 3 4
4 8 1 3 3
4 5 3 3 4
4 5 3 3 4
4 4 4 4 4
4 6 2 3 4
4 4 4 4 4
4 5 3 3 4
4 5 3 3 4
4 5 3 3 4
4 4 4 4 4
4 8 2 3 3
4 7 2 3 4
4 6 2 3 4
4 6 2 3 3
4 5 3 3 4
4 9 1 3 3
4 10 2 3 4
4 4 4 4 4
4 5 3 3 4
4 9 1 3 4
4 7 2 3 3
4 7 2 3 3
4 9 1 3 3
4 8 2 3 4
4 6 2 3 3
4 5 3 3 4
4 9 1 3 3
4 10 2 3 4
4 10 1 3 4
4 8 2 2 4
4 10 1 3 3
4 9 2 3 3
4 4 4 4 4
4 10 2 3 4
4 6 2 3 3
4 4 4 4 4
4 17 1 3 3
4 4 4 4 4
4 5 3 3 4
4 5 3 3 4
4 10 1 3 3
4 4 4 4 4
4 5 3 3 4
4 9 2 3 4
4 4 4 4 4
4 7 1 3 3
4 6 3 3 4
4 14 2 3 4
4 4 4 4 4
4 6 2 3 3
4 4 4 4 4
4 9 2 3 4
4 7 2 2 4
4 4 4 4 4
4 11 1 3 3
4 8 2 3 4
4 9 2 3 4
4 4 4 4 4
4 5 3 3 4
4 6 2 3 4
4 5 2 3 3
4 4 4 4 4
4 5 3 3 4
4 13 1 3 3
4 4 4 4 4
4 8 1 3 3
4 8 2 3 4
4 7 3 3 4
4 6 3 3 4
4 9 1 3 3
4 9 2 3 3
4 4 4 4 4
4 10 3 3 4
4 4 4 4 4
4 8 2 3 4
4 14 1 3 3
4 8 1 3 3
4 8 2 3 4
4 7 2 3 4
4 9 2 3 4
4 5 3 3 4
4 7 3 3 4
4 4 4 4 4
4 8 1 3 3
4 5 3 3 4
4 6 2 3 3
4 4 4 4 4
4 6 2 3 4
4 13 2 3 4
4 10 1 3 3
4 9 2 3 4
4 6 2 3 4
4 5 2 4 4
4 5 3 3 4
4 8 2 3 4
4 6 3 3 4
4 6 2 3 4
4 16 1 3 4
4 8 2 3 4
4 10 1 3 3
4 8 1 3 3
4 9 1 3 3
4 7 3 3 4
4 6 2 3 3
4 5 3 3 4
4 9 2 3 4
4 6 2 3 4
4 8 2 3 4
4 4 4 4 4
4 8 2 3 3
4 4 4 4 4
4 11 2 3 4
4 8 3 3 4
4 5 3 3 4
4 6 3 3 4
4 10 1 3 3
4 8 3 3 4
4 6 2 3 3
4 7 2 3 4
4 9 1 3 3
4 7 3 3 4
4 8 2 3 4
4 7 1 3 3
4 6 3 3 4
4 5 3 3 4
4 5 3 3 4
4 5 3 3 4
4 5 3 3 4
4 8 1 3 3
4 5 3 3 4
4 7 1 3 3
4 6 2 3 3
4 11 2 3 4
4 7 1 3 3
4 7 2 2 4
4 6 2 3 4
4 13 1 3 3
4 5 3 3 4
4 7 2 3 3
4 6 2 3 4
4 10 2 3 4
4 7 2 3 4
4 11 1 3 3
4 5 3 3 4
4 6 2 3 3
4 6 3 3 4
4 5 1 3 3
4 5 1 3 3
4 7 3 3 4
4 4 4 4 4
4 4 4 4 4
4 5 3 3 4
4 4 4 4 4
4 7 2 3 3
4 8 1 3 3
4 7 2 3 4
4 5 3 3 4
4 6 2 3 4
4 8 1 3 3
4 5 3 3 4
4 7 1 3 3
4 6 2 3 4
4 8 2 3 4
4 4 4 4 4
4 5 3 3 4
4 7 1 3 3
4 15 2 3 4
4 7 2 3 3
4 4 4 4 4
4 12 1 3 3
4 5 3 3 4
4 5 3 3 4
4 6 2 3 3
4 8 2 3 3
4 9 2 3 4
4 7 3 3 4
4 5 3 3 4
4 5 3 3 4
4 7 2 3 4
4 8 1 3 3
4 7 1 3 3
4 8 2 3 3
4 4 4 4 4
4 4 4 4 4
4 9 1 3 3
4 7 2 3 3
4 7 2 3 4
4 11 1 3 3
4 4 4 4 4
4 8 2 3 4
4 6 2 3 4
4 5 3 3 4
4 8 2 3 3
4 8 2 3 4
4 9 1 3 3
4 7 2 3 3
4 6 3 3 4
4 6 2 3 3
4 8 2 3 4
4 6 3 3 4
4 10 2 3 4
4 6 3 3 4
4 8 2 3 4
4 11 1 3 3
4 6 3 3 4
4 8 2 3 4
4 5 2 3 3
4 9 2 3 4
4 8 1 3 3
4 8 2 3 3
4 4 4 4 4
4 5 3 3 4
4 10 2 3 3
4 6 3 3 4
4 7 1 3 3
4 6 3 3 4
4 5 2 3 3
4 4 4 4 4
4 4 4 4 4
4 4 4 4 4
4 4 4 4 4
4 4 4 4 4
4 4 4 4 4
4 4 4 4 4
4 6 2 3 3
4 11 2 3 4
4 9 2 3 4
4 8 1 3 3
4 5 3 3 4
4 7 2 3 4
4 11 1 3 4
4 14 1 3 3
4 6 1 3 3
4 5 3 3 4
4 8 2 3 4
4 5 3 3 4
4 7 2 3 4
4 9 2 3 4
4 7 2 3 4
4 4 4 4 4
4 8 2 3 4
4 6 1 3 3
4 7 2 3 4
4 8 2 3 4
4 5 3 3 4
4 9 1 3 3
4 6 1 3 3
4 5 3 3 4
4 8 1 3 3
4 6 3 3 4
4 17 2 3 4
4 8 2 3 4
4 9 2 3 3
4 5 3 3 4
4 10 1 3 3
4 8 3 3 4
4 9 2 3 3
4 6 2 3 4
4 12 2 3 4
4 8 2 3 4
4 6 2 3 4
4 6 2 3 3
4 8 1 3 3
4 4 4 4 4
4 4 4 4 4
4 7 1 3 3
4 8 1 3 3
4 7 2 3 4
4 6 2 3 4
4 8 2 3 4
4 9 2 3 4
4 6 3 3 4
4 6 3 3 4
4 5 3 3 4
4 6 2 3 4
4 9 2 3 4
4 9 1 3 3
4 8 2 3 4
4 7 2 3 4
4 8 1 3 3
4 7 2 3 4
4 5 3 3 4
4 12 1 3 3
4 13 1 3 3
4 9 3 3 4
4 8 3 3 4
4 8 2 3 4
4 6 2 3 4
4 4 4 4 4
4 8 2 3 4
4 5 3 3 4
4 10 2 3 4
4 8 1 3 3
4 9 1 3 3
4 7 2 3 3
4 5 3 3 4
4 8 1 3 3
4 8 2 2 4
4 10 1 3 3
4 10 2 3 4
4 6 3 3 4
4 5 3 3 4
4 10 3 3 4
4 7 3 3 4
4 7 3 3 4
4 5 3 3 4
4 4 4 4 4
4 6 3 3 4
4 11 1 3 4
4 7 2 3 4
4 7 2 3 3
4 9 2 3 4
4 6 2 3 4
4 6 3 3 4
4 6 3 3 4
4 5 3 3 4
4 7 1 3 3
4 8 1 3 3
4 10 1 3 3
4 8 2 3 4
4 6 3 3 4
4 7 2 3 4
4 6 3 3 4
4 6 2 3 3
4 4 4 4 4
4 6 2 3 4
4 4 4 4 4
4 9 2 3 3
4 6 3 3 4
4 6 3 3 4
4 7 2 3 4
4 9 2 3 4
4 7 2 3 4
4 9 2 3 4
4 5 3 3 4
4 8 1 3 3
4 8 2 3 4
4 7 1 3 3
4 4 4 4 4
4 6 2 3 3
4 7 2 3 4
4 6 3 3 4
4 5 3 3 4
4 5 3 3 4
4 6 2 3 3
4 10 1 3 3
4 5 3 3 4
4 9 2 3 4
4 6 2 3 4
4 5 3 3 4
4 5 3 3 4
4 8 2 3 4
4 11 1 3 3
4 6 2 3 3
4 4 4 4 4
4 5 3 3 4
4 10 1 3 3
4 6 1 3 3
4 8 2 3 4
4 5 2 3 3
4 5 3 3 4
4 6 2 3 4
4 7 3 3 4
4 6 2 3 3
4 7 2 3 4
4 13 1 3 4
4 8 1 3 3
4 7 3 3 4
4 10 1 3 3
4 8 2 3 4
4 6 3 3 4
4 9 3 3 4
4 10 2 3 4
4 6 2 3 3
4 6 2 3 3
4 7 1 3 3
4 6 3 3 4
4 4 4 4 4
4 8 2 2 4
4 7 2 3 4
4 5 3 3 4
4 6 2 3 4
4 9 1 3 3
4 12 1 3 4
4 7 1 3 3
4 5 3 3 4
4 8 2 3 4
4 11 2 3 4
4 5 3 3 4
4 6 3 3 4
4 7 3 3 4
4 6 3 3 4
4 6 3 3 4
4 6 3 3 4
4 5 3 3 4
4 6 2 3 3
4 8 2 3 3
4 6 3 3 4
4 5 3 3 4
4 6 3 3 4
4 7 3 3 4
4 8 2 3 4
4 7 3 3 4
4 6 3 3 4
4 10 2 3 4
4 7 3 3 4
4 9 2 3 4
4 9 2 3 4
4 18 1 3 3
4 9 1 3 3
4 8 1 3 3
4 6 3 3 4
4 6 2 3 4
4 13 2 3 3
4 4 4 4 4
4 8 2 3 3
4 8 2 3 4
4 6 2 3 4
4 7 1 3 3
4 6 2 3 4
4 5 3 3 4
4 5 2 3 3
4 7 2 3 4
4 5 3 3 4
4 7 3 3 4
4 8 2 3 4
4 5 3 3 4
4 5 2 3 3
4 16 1 3 3
4 6 2 3 3
4 8 2 3 4
4 4 4 4 4
4 8 3 3 4
4 4 4 4 4
4 4 4 4 4
4 13 2 3 4
4 4 4 4 4
4 6 2 3 3
4 6 2 3 4
4 10 1 3 3
4 5 1 3 3
4 9 2 3 4
4 7 1 3 3
4 7 3 3 4
4 6 3 3 4
4 6 2 3 4
4 6 1 3 3
4 14 1 3 3
4 9 3 3 4
4 6 2 3 3
4 6 3 3 4
4 6 2 3 4
4 6 2 3 4
4 8 2 3 4
4 5 3 3 4
4 7 2 3 4
4 5 2 3 3
4 4 4 4 4
4 6 2 3 4
4 6 2 3 4
4 5 3 3 4
4 5 3 3 4
4 6 2 3 3
4 11 2 3 4
4 7 2 3 4
4 6 3 3 4
4 10 1 3 3
4 9 1 3 3
4 7 2 2 4
4 5 3 3 4
4 5 3 3 4
4 6 2 3 4
4 5 3 3 4
4 11 2 3 4
4 8 1 3 3
4 6 1 3 3
4 5 3 3 4
4 5 3 3 4
4 7 2 3 4
4 6 2 3 3
4 4 4 4 4
4 7 3 3 4
4 6 2 3 4
4 13 1 3 3
4 5 2 3 3
4 7 1 3 3
4 4 4 4 4
4 6 2 3 4
4 9 2 3 4
4 6 2 3 3
4 9 1 3 3
4 9 1 3 3
4 8 3 3 4
4 9 2 3 3
4 7 3 3 4
4 10 2 3 3
4 10 2 3 4
4 12 2 3 4
4 11 1 3 3
4 13 2 3 4
4 6 2 3 4
4 7 2 3 4
4 5 3 3 4
4 5 3 3 4
4 10 2 3 4
4 8 3 3 4
4 11 3 3 4
4 5 3 3 4
4 7 1 3 3
4 5 2 3 3
4 5 2 3 3
4 7 2 3 4
4 6 2 3 4
4 6 2 3 3
4 5 3 3 4
4 6 3 3 4
4 5 3 3 4
4 9 3 3 4
4 8 2 3 4
4 7 2 3 4
4 7 2 3 3
4 5 3 3 4
4 6 2 3 4
4 5 2 3 4
4 9 1 3 3
4 7 3 3 4
4 6 2 3 4
4 6 3 3 4
4 5 3 3 4
4 11 1 3 4
4 6 2 3 4
4 4 4 4 4
4 7 1 3 3
4 7 1 3 3
4 5 3 3 4
4 7 2 3 4
4 9 2 3 3
4 10 3 2 4
4 6 3 2 4
4 7 3 3 4
4 5 3 3 4
4 7 2 3 4
4 10 2 3 4
4 4 4 4 4
4 5 2 3 3
4 9 1 3 3
4 7 1 3 4
4 9 1 3 3
4 4 4 4 4
4 8 2 3 4
4 8 2 3 3
4 12 2 3 4
4 4 4 4 4
4 10 1 3 3
4 5 3 3 4
4 4 4 4 4
4 8 1 3 3
4 11 1 3 3
4 8 1 3 3
4 6 1 3 3
4 6 3 3 4
4 6 2 3 4
4 12 1 2 3
4 5 3 3 4
4 5 3 3 4
4 5 3 3 4
4 11 2 3 3
4 4 4 4 4
4 9 1 3 3
4 7 2 3 4
4 4 4 4 4
4 7 1 3 3
4 9 1 3 3
4 5 3 3 4
4 9 2 3 4
4 8 2 3 4
4 12 2 3 4
4 7 1 3 3
4 8 3 3 4
4 5 3 3 4
4 5 3 3 4
4 5 3 3 4
4 5 1 3 3
4 9 2 3 4
