4 4 2 2
4 5 2 3
4 2 2 2
4 6 2 2
4 9 2 2
4 2 2 2
4 1 1 1
4 2 2 2
4 3 2 2
4 1 1 1
4 11 2 2
4 1 1 1
4 5 2 2
4 7 2 2
4 2 2 2
4 3 2 2
4 3 2 2
4 2 2 2
4 5 2 2
4 3 2 2
4 3 2 2
4 1 1 1
4 2 2 2
4 4 3 3
4 9 2 2
4 1 1 1
4 7 2 2
4 4 2 2
4 3 2 2
4 1 1 1
4 6 2 2
4 2 2 2
4 5 2 2
4 1 1 1
4 1 1 1
4 1 1 1
4 2 2 2
4 3 3 3
4 4 2 3
4 8 2 2
4 7 2 2
4 6 2 2
4 13 2 2
4 3 2 2
4 13 2 3
4 2 2 2
4 6 2 2
4 3 2 2
4 2 2 2
4 8 2 2
4 6 2 2
4 8 2 2
4 5 3 3
4 2 2 2
4 3 3 3
4 4 2 2
4 4 2 2
4 5 2 3
4 2 2 2
4 6 2 2
4 9 2 2
4 2 2 2
4 1 1 1
4 2 2 2
4 3 2 2
4 1 1 1
4 11 2 2
4 1 1 1
4 5 2 2
4 7 2 2
4 2 2 2
4 3 2 2
4 3 2 2
4 2 2 2
4 5 2 2
4 3 2 2
4 3 2 2
4 1 1 1
4 2 2 2
4 4 3 3
4 9 2 2
4 1 1 1
4 7 2 2
4 4 2 2
4 3 2 2
4 1 1 1
4 6 2 2
4 2 2 2
4 5 2 2
4 1 1 1
4 1 1 1
4 1 1 1
4 2 2 2
4 3 3 3
4 4 2 3
4 8 2 2
4 7 2 2
4 6 2 2
4 13 2 2
4 3 2 2
4 13 2 3
4 2 2 2
4 6 2 2
4 3 2 2
4 2 2 2
4 8 2 2
4 6 2 2
4 8 2 2
4 5 3 3
4 2 2 2
4 3 3 3
4 4 2 2
