3 2 2 2
3 2 1 1
3 6 1 1
3 2 1 1
3 1 1 1
3 6 1 1
3 2 1 1
3 3 1 1
3 1 1 1
3 2 2 2
3 3 1 1
3 4 2 2
3 4 1 1
3 2 1 1
3 1 1 1
3 2 2 2
3 4 1 1
3 1 1 1
3 4 1 1
3 6 1 1
3 5 1 1
3 6 1 1
3 3 1 1
3 1 1 1
3 6 1 1
3 5 1 2
3 1 1 1
3 2 2 2
3 4 2 2
3 4 2 2
3 1 1 1
3 3 1 1
3 2 2 2
3 1 1 1
3 4 1 1
3 5 1 1
3 2 2 2
3 2 2 2
3 3 1 1
3 4 2 2
3 1 1 1
3 7 1 1
3 5 2 2
3 2 2 2
3 2 1 1
3 6 1 1
3 2 1 1
3 1 1 1
3 6 1 1
3 2 1 1
3 3 1 1
3 1 1 1
3 2 2 2
3 3 1 1
3 4 2 2
3 4 1 1
3 2 1 1
3 1 1 1
3 2 2 2
3 4 1 1
3 1 1 1
3 4 1 1
3 6 1 1
3 5 1 1
3 6 1 1
3 3 1 1
3 1 1 1
3 6 1 1
3 5 1 2
3 1 1 1
3 2 2 2
3 4 2 2
3 4 2 2
3 1 1 1
3 3 1 1
3 2 2 2
3 1 1 1
3 4 1 1
3 5 1 1
3 2 2 2
3 2 2 2
3 3 1 1
3 4 2 2
3 1 1 1
3 7 1 1
3 5 2 2
