3 3 1 1
3 3 1 1
3 1 1 1
3 5 1 1
3 3 1 1
3 3 1 1
3 1 1 1
3 3 1 1
3 3 1 1
3 12 1 2
3 2 1 1
3 3 1 1
3 2 1 1
3 2 1 1
3 3 1 1
3 3 1 1
3 5 1 1
3 3 1 1
3 2 1 1
3 1 1 1
3 2 1 1
3 3 1 1
3 10 1 1
3 13 1 1
3 4 1 1
3 3 1 1
3 3 1 1
3 5 1 1
3 2 1 1
3 3 1 1
3 1 1 1
3 1 1 1
3 1 1 1
3 7 1 1
3 4 1 1
3 1 1 1
3 3 1 1
3 3 1 1
3 1 1 1
3 5 1 1
3 3 1 1
3 3 1 1
3 1 1 1
3 3 1 1
3 3 1 1
3 12 1 2
3 2 1 1
3 3 1 1
3 2 1 1
3 2 1 1
3 3 1 1
3 3 1 1
3 5 1 1
3 3 1 1
3 2 1 1
3 1 1 1
3 2 1 1
3 3 1 1
3 10 1 1
3 13 1 1
3 4 1 1
3 3 1 1
3 3 1 1
3 5 1 1
3 2 1 1
3 3 1 1
3 1 1 1
3 1 1 1
3 1 1 1
3 7 1 1
3 4 1 1
3 1 1 1
