3 5 1 1
3 5 1 1
3 5 1 1
3 3 1 1
3 7 1 2
3 4 1 1
3 5 1 1
3 5 1 1
3 7 1 1
3 1 1 1
3 7 1 1
3 5 1 1
3 2 1 1
3 12 1 1
3 3 1 1
3 7 1 1
3 1 1 1
3 2 1 1
3 1 1 1
3 1 1 1
3 4 1 1
3 9 1 2
3 6 1 1
3 3 1 1
3 3 1 1
3 3 1 1
3 4 1 1
3 3 1 1
3 4 1 1
3 4 1 1
3 5 1 1
3 1 1 1
3 4 1 1
3 1 1 1
3 1 1 1
3 4 1 1
3 7 1 1
3 4 1 1
3 8 1 1
3 4 1 1
3 2 1 1
3 8 1 1
3 2 1 1
3 4 1 1
3 5 1 1
3 1 1 1
3 5 1 1
3 3 1 1
3 9 1 1
3 2 1 1
3 8 1 2
3 8 1 1
3 3 1 1
3 1 1 1
3 6 1 1
3 5 1 1
3 5 1 1
3 9 1 1
3 3 1 1
3 2 1 1
3 3 2 2
3 10 1 2
3 12 1 1
3 3 1 1
3 3 1 1
3 5 1 1
3 4 1 1
3 4 1 1
3 4 1 1
3 5 1 1
3 6 1 1
3 4 1 1
3 4 1 1
3 2 1 1
3 5 1 1
3 5 1 1
3 5 1 1
3 7 1 1
3 5 2 2
3 3 1 1
3 3 1 1
3 2 1 1
3 7 1 1
3 5 1 1
3 6 1 1
3 3 1 1
3 4 1 1
3 5 1 1
3 5 1 1
3 4 1 1
3 5 1 1
3 6 1 1
3 2 1 1
3 9 1 1
3 1 1 1
3 5 1 1
3 2 1 1
3 3 1 1
3 7 1 1
3 5 1 1
3 3 1 1
3 6 1 1
3 2 1 1
3 4 1 1
3 9 1 1
3 3 1 1
3 5 1 1
3 3 1 1
3 4 2 2
3 2 1 1
3 3 1 1
3 3 1 1
3 5 1 1
3 3 1 1
3 14 1 1
3 6 1 1
3 2 1 1
3 1 1 1
3 6 1 1
3 2 1 1
3 12 1 2
3 3 1 1
3 7 1 1
3 3 1 1
3 2 1 1
3 6 1 1
3 4 1 1
3 3 1 1
3 2 1 1
3 3 1 1
3 3 1 1
3 7 1 1
3 2 1 1
3 2 1 1
3 4 1 1
3 5 1 1
3 2 1 1
3 4 1 1
3 10 1 1
3 5 1 1
3 5 1 1
3 1 1 1
3 5 1 1
3 2 1 1
3 4 1 1
3 3 1 1
3 7 1 1
3 5 1 1
3 4 1 1
3 7 1 1
3 1 1 1
3 8 1 1
3 5 2 2
3 12 1 2
3 3 1 1
3 1 1 1
3 2 1 1
3 2 1 1
3 2 1 1
3 4 1 1
3 4 1 2
3 5 1 1
3 6 1 1
3 6 1 1
3 2 1 1
3 4 1 1
3 7 1 1
3 2 1 1
3 10 1 2
3 3 1 1
3 5 1 1
3 7 1 1
3 3 1 1
3 19 1 2
3 5 2 2
3 2 1 1
3 4 1 1
3 3 1 1
3 4 1 1
3 7 1 1
3 7 1 1
3 3 1 1
3 4 1 1
3 1 1 1
3 4 1 1
3 18 1 1
3 4 1 1
3 5 1 1
3 6 1 1
3 4 2 2
3 5 1 1
3 3 1 1
3 1 1 1
3 1 1 1
3 6 1 1
3 4 1 1
3 5 1 1
3 3 1 1
3 8 1 1
3 2 1 1
3 5 1 1
3 1 1 1
3 6 1 1
3 4 1 1
3 2 1 1
3 5 1 1
3 3 1 1
3 4 1 1
3 3 1 1
3 4 1 1
3 4 1 1
3 4 1 1
3 2 1 1
3 5 1 1
3 5 1 1
3 3 1 1
3 1 1 1
3 1 1 1
3 2 1 1
3 4 1 1
3 2 1 1
3 4 2 2
3 2 1 1
3 5 1 1
3 2 1 1
3 5 1 1
3 6 1 1
3 14 1 1
3 4 1 1
3 5 1 1
3 5 1 1
3 3 1 1
3 4 1 1
3 3 1 1
3 3 1 1
3 5 1 1
3 2 1 1
3 9 1 1
3 4 1 1
3 3 1 1
3 4 1 1
3 4 1 1
3 4 1 1
3 5 1 1
3 6 1 1
3 3 1 1
3 5 1 1
3 9 1 1
3 4 1 1
3 5 1 2
3 3 1 1
3 3 1 1
3 9 1 1
3 3 1 1
3 4 1 1
3 4 1 1
3 1 1 1
3 3 2 2
3 1 1 1
3 4 1 1
3 6 1 1
3 5 1 1
3 13 2 2
3 14 1 1
3 4 1 1
3 7 1 1
3 3 1 1
3 6 1 1
3 4 1 1
3 2 1 1
3 1 1 1
3 3 1 1
3 3 1 1
3 3 1 1
3 8 1 1
3 3 1 1
3 4 1 1
3 3 1 1
3 8 1 1
3 4 1 1
3 1 1 1
3 1 1 1
3 4 1 1
3 7 1 1
3 6 1 1
3 2 2 2
3 4 1 1
3 7 1 1
3 2 1 1
3 3 1 1
3 10 1 1
3 4 1 1
3 4 1 1
3 5 1 1
3 2 1 1
3 1 1 1
3 8 1 1
3 3 1 1
3 1 1 1
3 6 1 1
3 1 1 1
3 5 1 1
3 8 1 1
3 7 1 1
3 1 1 1
3 3 1 1
3 10 1 1
3 8 1 1
3 4 1 1
3 5 1 1
3 8 1 1
3 4 1 1
3 4 1 1
3 6 1 1
3 2 1 1
3 5 1 1
3 5 1 1
3 3 1 1
3 5 1 1
3 7 1 1
3 5 1 1
3 3 1 1
3 4 1 1
3 8 1 1
3 7 1 1
3 4 1 1
3 11 1 1
3 2 1 1
3 3 1 1
3 5 1 2
3 4 1 1
3 1 1 1
3 2 1 1
3 2 1 1
3 8 1 1
3 5 1 1
3 6 1 1
3 6 1 1
3 7 1 1
3 3 1 1
3 3 1 1
3 19 1 1
3 4 2 2
3 3 1 1
3 65 1 1
3 5 1 1
3 4 1 1
3 4 1 1
3 5 2 2
3 11 1 1
3 1 1 1
3 14 1 1
3 1 1 1
3 4 1 1
3 6 1 1
3 5 2 2
3 3 1 1
3 4 1 1
3 2 1 1
3 1 1 1
3 2 1 1
3 2 1 1
3 2 1 1
3 2 1 1
3 8 1 1
3 1 1 1
3 4 1 1
3 11 1 1
3 3 1 1
3 2 1 1
3 7 1 1
3 1 1 1
3 4 1 1
3 8 1 1
3 1 1 1
3 1 1 1
3 3 1 1
3 5 1 1
3 10 1 1
3 5 1 1
3 8 1 1
3 4 1 2
3 1 1 1
3 8 1 1
3 2 1 1
3 3 1 1
3 8 1 1
3 5 1 1
3 8 1 1
3 4 2 2
3 7 1 1
3 5 1 1
3 7 2 2
3 1 1 1
3 4 1 1
3 2 1 1
3 3 1 1
3 3 1 1
3 2 1 1
3 2 1 1
3 1 1 1
3 4 1 1
3 4 1 1
3 2 1 1
3 4 1 1
3 6 1 1
3 4 1 1
3 1 1 1
3 7 1 1
3 6 1 1
3 5 1 1
3 2 1 1
3 3 1 1
3 3 1 1
3 7 1 1
3 5 1 1
3 6 1 1
3 5 1 1
3 3 1 1
3 4 1 1
3 2 1 1
3 4 1 1
3 1 1 1
3 5 1 1
3 9 1 2
3 4 1 1
3 1 1 1
3 3 1 1
3 6 1 1
3 1 1 1
3 3 1 1
3 1 1 1
3 5 1 1
3 1 1 1
3 2 1 1
3 2 1 1
3 5 1 1
3 2 1 1
3 5 1 1
3 3 1 1
3 3 1 1
3 2 1 1
3 1 1 1
3 5 1 1
3 2 1 1
3 2 1 1
3 4 1 1
3 2 1 1
3 4 1 1
3 7 1 1
3 1 1 1
3 5 1 1
3 4 1 1
3 5 1 1
3 3 1 1
3 7 1 1
3 1 1 1
3 4 1 1
3 3 1 1
3 1 1 1
3 2 2 2
3 1 1 1
3 4 1 1
3 5 2 2
3 8 1 1
3 8 1 1
3 5 1 1
3 4 1 1
3 7 1 1
3 6 1 1
3 5 1 1
3 6 1 1
3 4 1 1
3 5 1 1
3 2 1 1
3 2 2 2
3 5 1 1
3 14 1 1
3 2 1 1
3 1 1 1
3 8 1 2
3 5 1 1
3 7 1 1
3 4 1 1
3 4 1 1
3 6 1 1
3 3 1 1
3 1 1 1
3 1 1 1
3 1 1 1
3 1 1 1
3 4 1 1
3 3 1 1
3 2 1 1
3 3 1 1
3 3 1 1
3 2 1 1
3 6 1 1
3 2 1 1
3 5 1 1
3 6 1 1
3 1 1 1
3 6 1 1
3 1 1 1
3 2 1 1
3 5 1 1
3 1 1 1
3 2 1 1
3 3 1 1
3 2 1 1
3 8 1 1
3 8 1 2
3 9 1 1
3 4 1 1
3 4 1 1
3 10 1 1
3 5 1 1
3 4 1 1
3 4 1 1
3 2 1 1
3 1 1 1
3 1 1 1
3 4 1 1
3 4 1 1
3 4 1 1
3 8 1 1
3 7 1 1
3 5 1 1
3 5 1 1
3 2 1 1
3 2 1 1
3 1 1 1
3 4 1 1
3 4 1 1
3 7 1 1
3 4 1 1
3 2 1 1
3 2 1 1
3 2 1 1
3 2 1 1
3 8 1 1
3 2 1 1
3 3 1 2
3 3 1 1
3 7 1 1
3 4 1 1
3 5 1 1
3 6 1 1
3 4 1 1
3 6 1 1
3 4 1 1
3 5 1 1
3 3 1 1
3 3 1 1
3 4 1 1
3 7 1 1
3 4 1 1
3 1 1 1
3 4 1 2
3 5 1 1
3 6 1 1
3 5 1 1
3 1 1 1
3 4 1 1
3 3 1 1
3 2 1 1
3 4 1 1
3 5 1 1
3 4 1 1
3 4 1 1
3 2 1 1
3 5 1 1
3 11 1 1
3 4 1 1
3 4 1 1
3 2 2 2
3 7 1 1
3 5 1 1
3 3 1 1
3 2 1 1
3 5 1 1
3 2 1 1
3 11 1 1
3 58 1 2
3 6 1 2
3 1 1 1
3 1 1 1
3 3 1 1
3 2 1 1
3 4 1 1
3 5 1 1
3 4 1 1
3 4 1 1
3 4 1 1
3 5 1 1
3 3 1 1
3 6 2 2
3 3 1 1
3 7 1 1
3 6 1 1
3 7 1 2
3 2 1 1
3 1 1 1
3 3 1 1
3 4 1 1
3 7 1 2
3 9 1 1
3 2 1 1
3 5 1 1
3 7 1 1
3 4 1 1
3 5 1 1
3 6 1 1
3 5 1 1
3 2 1 1
3 4 1 1
3 4 1 1
3 6 1 1
3 2 1 1
3 5 1 1
3 2 1 1
3 8 1 1
3 10 1 2
3 1 1 1
3 2 1 1
3 3 1 1
3 7 1 1
3 10 1 1
3 7 1 1
3 5 1 1
3 3 1 1
3 2 1 1
3 5 1 1
3 1 1 1
3 3 1 1
3 8 2 2
3 8 1 1
3 5 1 1
3 8 1 1
3 6 1 1
3 4 1 1
3 1 1 1
3 6 1 1
3 1 1 1
3 1 1 1
3 2 1 1
3 2 2 2
3 5 1 1
3 5 1 1
3 1 1 1
3 5 1 1
3 6 1 1
3 2 1 1
3 6 1 2
3 7 1 1
3 4 1 1
3 8 1 1
3 4 1 1
3 5 1 1
3 1 1 1
3 12 1 1
3 12 1 1
3 6 1 1
3 5 1 1
3 4 2 2
3 1 1 1
3 5 1 1
3 5 1 1
3 5 1 1
3 3 1 1
3 7 1 1
3 1 1 1
3 4 1 1
3 26 1 1
3 14 1 2
3 12 1 1
3 1 1 1
3 4 1 1
3 3 1 1
3 4 1 1
3 2 1 1
3 8 1 2
3 4 1 1
3 4 1 1
3 1 1 1
3 8 1 1
3 1 1 1
3 7 1 1
3 2 1 1
3 16 1 1
3 5 1 2
3 5 1 1
3 4 1 1
3 9 1 1
3 6 1 1
3 2 1 1
3 2 1 1
3 3 1 1
3 7 1 2
3 2 1 1
3 6 1 1
3 4 1 2
3 16 1 1
3 4 1 1
3 6 1 1
3 3 1 1
3 3 1 1
3 4 1 1
3 1 1 1
3 3 1 1
3 3 1 1
3 2 1 1
3 5 1 1
3 3 1 1
3 22 1 1
3 1 1 1
3 3 1 1
3 7 1 1
3 3 1 1
3 12 1 1
3 9 1 1
3 6 1 1
3 1 1 1
3 1 1 1
3 1 1 1
3 4 2 2
3 10 1 1
3 13 1 2
3 2 1 1
3 4 1 1
3 8 1 1
3 2 1 1
3 8 1 2
3 1 1 1
3 7 1 2
3 4 1 1
3 4 1 1
3 5 1 1
3 6 1 1
3 6 1 1
3 5 1 1
3 7 1 1
3 3 1 1
3 3 1 1
3 5 1 1
3 5 1 1
3 1 1 1
3 6 1 1
3 1 1 1
3 5 1 1
3 4 1 1
3 5 1 1
3 5 1 1
3 4 1 1
3 1 1 1
3 9 1 1
3 5 1 1
3 4 1 1
3 3 1 1
3 3 1 1
3 7 1 1
3 2 1 1
3 3 1 1
3 2 1 1
3 1 1 1
3 5 1 1
3 19 1 1
3 4 1 1
3 2 2 2
3 2 1 1
3 7 1 1
3 19 1 1
3 12 1 1
3 1 1 1
3 3 1 1
3 9 1 1
3 2 1 1
3 3 1 1
3 4 1 1
3 4 1 1
3 2 1 1
3 3 1 1
3 4 1 1
3 1 1 1
3 5 1 1
3 2 1 1
3 1 1 1
3 1 1 1
3 1 1 1
3 5 1 1
3 4 1 1
3 6 1 1
3 3 1 1
3 10 1 1
3 4 1 1
3 6 1 1
3 4 1 1
3 10 1 1
3 5 1 1
3 2 1 1
3 6 1 1
3 3 1 1
3 4 1 1
3 7 2 2
3 5 1 1
3 1 1 1
3 2 1 1
3 1 1 1
3 6 1 1
3 4 1 1
3 2 1 1
3 5 1 1
3 4 1 1
3 13 1 1
3 2 1 1
3 4 1 1
3 5 1 1
3 8 1 1
3 6 1 1
3 3 1 1
3 3 1 1
3 1 1 1
3 4 1 1
3 3 1 1
3 4 1 2
3 1 1 1
3 5 1 1
3 1 1 1
3 9 1 1
3 6 1 1
3 4 1 1
3 4 1 1
3 5 1 1
3 6 1 1
3 5 1 1
3 8 1 1
3 5 1 1
3 1 1 1
3 3 1 1
3 4 1 1
3 1 1 1
3 2 1 1
3 1 1 1
3 4 1 1
3 1 1 1
3 4 1 1
3 6 1 1
3 10 1 1
3 4 1 1
3 9 1 1
3 4 1 1
3 3 1 1
3 3 1 1
3 5 1 1
3 1 1 1
3 6 1 1
3 6 1 1
3 7 1 1
3 5 1 1
3 7 1 1
3 3 1 1
3 3 1 1
3 2 1 1
3 5 1 1
3 4 1 1
3 10 1 1
3 1 1 1
3 2 1 1
3 3 1 1
3 2 1 1
3 3 1 1
3 4 1 1
3 4 1 1
3 6 1 1
3 3 1 1
3 3 1 1
3 3 1 1
3 3 1 1
3 3 1 1
3 3 1 1
3 3 1 1
3 3 1 1
3 3 1 1
3 3 1 1
3 2 1 1
3 2 1 1
3 12 1 1
3 3 1 1
3 9 1 1
3 1 1 1
3 1 1 1
3 6 1 1
3 6 1 1
3 1 1 1
3 5 1 1
3 5 1 1
3 3 1 1
3 5 1 1
3 6 1 1
3 3 1 1
3 7 1 1
3 5 1 1
3 4 1 1
3 1 1 1
3 3 2 2
3 5 1 1
3 4 1 1
3 5 1 1
3 3 1 1
3 3 1 1
3 13 1 1
3 4 1 1
3 3 1 1
3 6 1 1
3 5 1 1
3 3 1 1
3 1 1 1
3 3 1 1
3 4 1 1
3 1 1 1
3 1 1 1
3 6 1 2
3 4 1 1
3 3 1 1
3 12 1 1
3 2 1 1
3 5 1 1
3 3 1 1
3 4 1 1
3 6 1 1
3 5 1 1
3 4 1 1
3 14 1 1
3 2 1 1
3 6 1 1
3 4 1 1
3 4 2 2
3 1 1 1
3 5 1 1
3 7 1 1
3 4 1 1
3 1 1 1
3 2 2 2
3 3 1 1
3 5 1 1
3 5 1 1
3 5 1 1
3 3 1 1
3 7 1 2
3 4 1 1
3 5 1 1
3 5 1 1
3 7 1 1
3 1 1 1
3 7 1 1
3 5 1 1
3 2 1 1
3 12 1 1
3 3 1 1
3 7 1 1
3 1 1 1
3 2 1 1
3 1 1 1
3 1 1 1
3 4 1 1
3 9 1 2
3 6 1 1
3 3 1 1
3 3 1 1
3 3 1 1
3 4 1 1
3 3 1 1
3 4 1 1
3 4 1 1
3 5 1 1
3 1 1 1
3 4 1 1
3 1 1 1
3 1 1 1
3 4 1 1
3 7 1 1
3 4 1 1
3 8 1 1
3 4 1 1
3 2 1 1
3 8 1 1
3 2 1 1
3 4 1 1
3 5 1 1
3 1 1 1
3 5 1 1
3 3 1 1
3 9 1 1
3 2 1 1
3 8 1 2
3 8 1 1
3 3 1 1
3 1 1 1
3 6 1 1
3 5 1 1
3 5 1 1
3 9 1 1
3 3 1 1
3 2 1 1
3 3 2 2
3 10 1 2
3 12 1 1
3 3 1 1
3 3 1 1
3 5 1 1
3 4 1 1
3 4 1 1
3 4 1 1
3 5 1 1
3 6 1 1
3 4 1 1
3 4 1 1
3 2 1 1
3 5 1 1
3 5 1 1
3 5 1 1
3 7 1 1
3 5 2 2
3 3 1 1
3 3 1 1
3 2 1 1
3 7 1 1
3 5 1 1
3 6 1 1
3 3 1 1
3 4 1 1
3 5 1 1
3 5 1 1
3 4 1 1
3 5 1 1
3 6 1 1
3 2 1 1
3 9 1 1
3 1 1 1
3 5 1 1
3 2 1 1
3 3 1 1
3 7 1 1
3 5 1 1
3 3 1 1
3 6 1 1
3 2 1 1
3 4 1 1
3 9 1 1
3 3 1 1
3 5 1 1
3 3 1 1
3 4 2 2
3 2 1 1
3 3 1 1
3 3 1 1
3 5 1 1
3 3 1 1
3 14 1 1
3 6 1 1
3 2 1 1
3 1 1 1
3 6 1 1
3 2 1 1
3 12 1 2
3 3 1 1
3 7 1 1
3 3 1 1
3 2 1 1
3 6 1 1
3 4 1 1
3 3 1 1
3 2 1 1
3 3 1 1
3 3 1 1
3 7 1 1
3 2 1 1
3 2 1 1
3 4 1 1
3 5 1 1
3 2 1 1
3 4 1 1
3 10 1 1
3 5 1 1
3 5 1 1
3 1 1 1
3 5 1 1
3 2 1 1
3 4 1 1
3 3 1 1
3 7 1 1
3 5 1 1
3 4 1 1
3 7 1 1
3 1 1 1
3 8 1 1
3 5 2 2
3 12 1 2
3 3 1 1
3 1 1 1
3 2 1 1
3 2 1 1
3 2 1 1
3 4 1 1
3 4 1 2
3 5 1 1
3 6 1 1
3 6 1 1
3 2 1 1
3 4 1 1
3 7 1 1
3 2 1 1
3 10 1 2
3 3 1 1
3 5 1 1
3 7 1 1
3 3 1 1
3 19 1 2
3 5 2 2
3 2 1 1
3 4 1 1
3 3 1 1
3 4 1 1
3 7 1 1
3 7 1 1
3 3 1 1
3 4 1 1
3 1 1 1
3 4 1 1
3 18 1 1
3 4 1 1
3 5 1 1
3 6 1 1
3 4 2 2
3 5 1 1
3 3 1 1
3 1 1 1
3 1 1 1
3 6 1 1
3 4 1 1
3 5 1 1
3 3 1 1
3 8 1 1
3 2 1 1
3 5 1 1
3 1 1 1
3 6 1 1
3 4 1 1
3 2 1 1
3 5 1 1
3 3 1 1
3 4 1 1
3 3 1 1
3 4 1 1
3 4 1 1
3 4 1 1
3 2 1 1
3 5 1 1
3 5 1 1
3 3 1 1
3 1 1 1
3 1 1 1
3 2 1 1
3 4 1 1
3 2 1 1
3 4 2 2
3 2 1 1
3 5 1 1
3 2 1 1
3 5 1 1
3 6 1 1
3 14 1 1
3 4 1 1
3 5 1 1
3 5 1 1
3 3 1 1
3 4 1 1
3 3 1 1
3 3 1 1
3 5 1 1
3 2 1 1
3 9 1 1
3 4 1 1
3 3 1 1
3 4 1 1
3 4 1 1
3 4 1 1
3 5 1 1
3 6 1 1
3 3 1 1
3 5 1 1
3 9 1 1
3 4 1 1
3 5 1 2
3 3 1 1
3 3 1 1
3 9 1 1
3 3 1 1
3 4 1 1
3 4 1 1
3 1 1 1
3 3 2 2
3 1 1 1
3 4 1 1
3 6 1 1
3 5 1 1
3 13 2 2
3 14 1 1
3 4 1 1
3 7 1 1
3 3 1 1
3 6 1 1
3 4 1 1
3 2 1 1
3 1 1 1
3 3 1 1
3 3 1 1
3 3 1 1
3 8 1 1
3 3 1 1
3 4 1 1
3 3 1 1
3 8 1 1
3 4 1 1
3 1 1 1
3 1 1 1
3 4 1 1
3 7 1 1
3 6 1 1
3 2 2 2
3 4 1 1
3 7 1 1
3 2 1 1
3 3 1 1
3 10 1 1
3 4 1 1
3 4 1 1
3 5 1 1
3 2 1 1
3 1 1 1
3 8 1 1
3 3 1 1
3 1 1 1
3 6 1 1
3 1 1 1
3 5 1 1
3 8 1 1
3 7 1 1
3 1 1 1
3 3 1 1
3 10 1 1
3 8 1 1
3 4 1 1
3 5 1 1
3 8 1 1
3 4 1 1
3 4 1 1
3 6 1 1
3 2 1 1
3 5 1 1
3 5 1 1
3 3 1 1
3 5 1 1
3 7 1 1
3 5 1 1
3 3 1 1
3 4 1 1
3 8 1 1
3 7 1 1
3 4 1 1
3 11 1 1
3 2 1 1
3 3 1 1
3 5 1 2
3 4 1 1
3 1 1 1
3 2 1 1
3 2 1 1
3 8 1 1
3 5 1 1
3 6 1 1
3 6 1 1
3 7 1 1
3 3 1 1
3 3 1 1
3 19 1 1
3 4 2 2
3 3 1 1
3 65 1 1
3 5 1 1
3 4 1 1
3 4 1 1
3 5 2 2
3 11 1 1
3 1 1 1
3 14 1 1
3 1 1 1
3 4 1 1
3 6 1 1
3 5 2 2
3 3 1 1
3 4 1 1
3 2 1 1
3 1 1 1
3 2 1 1
3 2 1 1
3 2 1 1
3 2 1 1
3 8 1 1
3 1 1 1
3 4 1 1
3 11 1 1
3 3 1 1
3 2 1 1
3 7 1 1
3 1 1 1
3 4 1 1
3 8 1 1
3 1 1 1
3 1 1 1
3 3 1 1
3 5 1 1
3 10 1 1
3 5 1 1
3 8 1 1
3 4 1 2
3 1 1 1
3 8 1 1
3 2 1 1
3 3 1 1
3 8 1 1
3 5 1 1
3 8 1 1
3 4 2 2
3 7 1 1
3 5 1 1
3 7 2 2
3 1 1 1
3 4 1 1
3 2 1 1
3 3 1 1
3 3 1 1
3 2 1 1
3 2 1 1
3 1 1 1
3 4 1 1
3 4 1 1
3 2 1 1
3 4 1 1
3 6 1 1
3 4 1 1
3 1 1 1
3 7 1 1
3 6 1 1
3 5 1 1
3 2 1 1
3 3 1 1
3 3 1 1
3 7 1 1
3 5 1 1
3 6 1 1
3 5 1 1
3 3 1 1
3 4 1 1
3 2 1 1
3 4 1 1
3 1 1 1
3 5 1 1
3 9 1 2
3 4 1 1
3 1 1 1
3 3 1 1
3 6 1 1
3 1 1 1
3 3 1 1
3 1 1 1
3 5 1 1
3 1 1 1
3 2 1 1
3 2 1 1
3 5 1 1
3 2 1 1
3 5 1 1
3 3 1 1
3 3 1 1
3 2 1 1
3 1 1 1
3 5 1 1
3 2 1 1
3 2 1 1
3 4 1 1
3 2 1 1
3 4 1 1
3 7 1 1
3 1 1 1
3 5 1 1
3 4 1 1
3 5 1 1
3 3 1 1
3 7 1 1
3 1 1 1
3 4 1 1
3 3 1 1
3 1 1 1
3 2 2 2
3 1 1 1
3 4 1 1
3 5 2 2
3 8 1 1
3 8 1 1
3 5 1 1
3 4 1 1
3 7 1 1
3 6 1 1
3 5 1 1
3 6 1 1
3 4 1 1
3 5 1 1
3 2 1 1
3 2 2 2
3 5 1 1
3 14 1 1
3 2 1 1
3 1 1 1
3 8 1 2
3 5 1 1
3 7 1 1
3 4 1 1
3 4 1 1
3 6 1 1
3 3 1 1
3 1 1 1
3 1 1 1
3 1 1 1
3 1 1 1
3 4 1 1
3 3 1 1
3 2 1 1
3 3 1 1
3 3 1 1
3 2 1 1
3 6 1 1
3 2 1 1
3 5 1 1
3 6 1 1
3 1 1 1
3 6 1 1
3 1 1 1
3 2 1 1
3 5 1 1
3 1 1 1
3 2 1 1
3 3 1 1
3 2 1 1
3 8 1 1
3 8 1 2
3 9 1 1
3 4 1 1
3 4 1 1
3 10 1 1
3 5 1 1
3 4 1 1
3 4 1 1
3 2 1 1
3 1 1 1
3 1 1 1
3 4 1 1
3 4 1 1
3 4 1 1
3 8 1 1
3 7 1 1
3 5 1 1
3 5 1 1
3 2 1 1
3 2 1 1
3 1 1 1
3 4 1 1
3 4 1 1
3 7 1 1
3 4 1 1
3 2 1 1
3 2 1 1
3 2 1 1
3 2 1 1
3 8 1 1
3 2 1 1
3 3 1 2
3 3 1 1
3 7 1 1
3 4 1 1
3 5 1 1
3 6 1 1
3 4 1 1
3 6 1 1
3 4 1 1
3 5 1 1
3 3 1 1
3 3 1 1
3 4 1 1
3 7 1 1
3 4 1 1
3 1 1 1
3 4 1 2
3 5 1 1
3 6 1 1
3 5 1 1
3 1 1 1
3 4 1 1
3 3 1 1
3 2 1 1
3 4 1 1
3 5 1 1
3 4 1 1
3 4 1 1
3 2 1 1
3 5 1 1
3 11 1 1
3 4 1 1
3 4 1 1
3 2 2 2
3 7 1 1
3 5 1 1
3 3 1 1
3 2 1 1
3 5 1 1
3 2 1 1
3 11 1 1
3 58 1 2
3 6 1 2
3 1 1 1
3 1 1 1
3 3 1 1
3 2 1 1
3 4 1 1
3 5 1 1
3 4 1 1
3 4 1 1
3 4 1 1
3 5 1 1
3 3 1 1
3 6 2 2
3 3 1 1
3 7 1 1
3 6 1 1
3 7 1 2
3 2 1 1
3 1 1 1
3 3 1 1
3 4 1 1
3 7 1 2
3 9 1 1
3 2 1 1
3 5 1 1
3 7 1 1
3 4 1 1
3 5 1 1
3 6 1 1
3 5 1 1
3 2 1 1
3 4 1 1
3 4 1 1
3 6 1 1
3 2 1 1
3 5 1 1
3 2 1 1
3 8 1 1
3 10 1 2
3 1 1 1
3 2 1 1
3 3 1 1
3 7 1 1
3 10 1 1
3 7 1 1
3 5 1 1
3 3 1 1
3 2 1 1
3 5 1 1
3 1 1 1
3 3 1 1
3 8 2 2
3 8 1 1
3 5 1 1
3 8 1 1
3 6 1 1
3 4 1 1
3 1 1 1
3 6 1 1
3 1 1 1
3 1 1 1
3 2 1 1
3 2 2 2
3 5 1 1
3 5 1 1
3 1 1 1
3 5 1 1
3 6 1 1
3 2 1 1
3 6 1 2
3 7 1 1
3 4 1 1
3 8 1 1
3 4 1 1
3 5 1 1
3 1 1 1
3 12 1 1
3 12 1 1
3 6 1 1
3 5 1 1
3 4 2 2
3 1 1 1
3 5 1 1
3 5 1 1
3 5 1 1
3 3 1 1
3 7 1 1
3 1 1 1
3 4 1 1
3 26 1 1
3 14 1 2
3 12 1 1
3 1 1 1
3 4 1 1
3 3 1 1
3 4 1 1
3 2 1 1
3 8 1 2
3 4 1 1
3 4 1 1
3 1 1 1
3 8 1 1
3 1 1 1
3 7 1 1
3 2 1 1
3 16 1 1
3 5 1 2
3 5 1 1
3 4 1 1
3 9 1 1
3 6 1 1
3 2 1 1
3 2 1 1
3 3 1 1
3 7 1 2
3 2 1 1
3 6 1 1
3 4 1 2
3 16 1 1
3 4 1 1
3 6 1 1
3 3 1 1
3 3 1 1
3 4 1 1
3 1 1 1
3 3 1 1
3 3 1 1
3 2 1 1
3 5 1 1
3 3 1 1
3 22 1 1
3 1 1 1
3 3 1 1
3 7 1 1
3 3 1 1
3 12 1 1
3 9 1 1
3 6 1 1
3 1 1 1
3 1 1 1
3 1 1 1
3 4 2 2
3 10 1 1
3 13 1 2
3 2 1 1
3 4 1 1
3 8 1 1
3 2 1 1
3 8 1 2
3 1 1 1
3 7 1 2
3 4 1 1
3 4 1 1
3 5 1 1
3 6 1 1
3 6 1 1
3 5 1 1
3 7 1 1
3 3 1 1
3 3 1 1
3 5 1 1
3 5 1 1
3 1 1 1
3 6 1 1
3 1 1 1
3 5 1 1
3 4 1 1
3 5 1 1
3 5 1 1
3 4 1 1
3 1 1 1
3 9 1 1
3 5 1 1
3 4 1 1
3 3 1 1
3 3 1 1
3 7 1 1
3 2 1 1
3 3 1 1
3 2 1 1
3 1 1 1
3 5 1 1
3 19 1 1
3 4 1 1
3 2 2 2
3 2 1 1
3 7 1 1
3 19 1 1
3 12 1 1
3 1 1 1
3 3 1 1
3 9 1 1
3 2 1 1
3 3 1 1
3 4 1 1
3 4 1 1
3 2 1 1
3 3 1 1
3 4 1 1
3 1 1 1
3 5 1 1
3 2 1 1
3 1 1 1
3 1 1 1
3 1 1 1
3 5 1 1
3 4 1 1
3 6 1 1
3 3 1 1
3 10 1 1
3 4 1 1
3 6 1 1
3 4 1 1
3 10 1 1
3 5 1 1
3 2 1 1
3 6 1 1
3 3 1 1
3 4 1 1
3 7 2 2
3 5 1 1
3 1 1 1
3 2 1 1
3 1 1 1
3 6 1 1
3 4 1 1
3 2 1 1
3 5 1 1
3 4 1 1
3 13 1 1
3 2 1 1
3 4 1 1
3 5 1 1
3 8 1 1
3 6 1 1
3 3 1 1
3 3 1 1
3 1 1 1
3 4 1 1
3 3 1 1
3 4 1 2
3 1 1 1
3 5 1 1
3 1 1 1
3 9 1 1
3 6 1 1
3 4 1 1
3 4 1 1
3 5 1 1
3 6 1 1
3 5 1 1
3 8 1 1
3 5 1 1
3 1 1 1
3 3 1 1
3 4 1 1
3 1 1 1
3 2 1 1
3 1 1 1
3 4 1 1
3 1 1 1
3 4 1 1
3 6 1 1
3 10 1 1
3 4 1 1
3 9 1 1
3 4 1 1
3 3 1 1
3 3 1 1
3 5 1 1
3 1 1 1
3 6 1 1
3 6 1 1
3 7 1 1
3 5 1 1
3 7 1 1
3 3 1 1
3 3 1 1
3 2 1 1
3 5 1 1
3 4 1 1
3 10 1 1
3 1 1 1
3 2 1 1
3 3 1 1
3 2 1 1
3 3 1 1
3 4 1 1
3 4 1 1
3 6 1 1
3 3 1 1
3 3 1 1
3 3 1 1
3 3 1 1
3 3 1 1
3 3 1 1
3 3 1 1
3 3 1 1
3 3 1 1
3 3 1 1
3 2 1 1
3 2 1 1
3 12 1 1
3 3 1 1
3 9 1 1
3 1 1 1
3 1 1 1
3 6 1 1
3 6 1 1
3 1 1 1
3 5 1 1
3 5 1 1
3 3 1 1
3 5 1 1
3 6 1 1
3 3 1 1
3 7 1 1
3 5 1 1
3 4 1 1
3 1 1 1
3 3 2 2
3 5 1 1
3 4 1 1
3 5 1 1
3 3 1 1
3 3 1 1
3 13 1 1
3 4 1 1
3 3 1 1
3 6 1 1
3 5 1 1
3 3 1 1
3 1 1 1
3 3 1 1
3 4 1 1
3 1 1 1
3 1 1 1
3 6 1 2
3 4 1 1
3 3 1 1
3 12 1 1
3 2 1 1
3 5 1 1
3 3 1 1
3 4 1 1
3 6 1 1
3 5 1 1
3 4 1 1
3 14 1 1
3 2 1 1
3 6 1 1
3 4 1 1
3 4 2 2
3 1 1 1
3 5 1 1
3 7 1 1
3 4 1 1
3 1 1 1
3 2 2 2
3 3 1 1
