4 4 1 1
4 6 2 3
4 6 1 2
4 1 1 1
4 5 3 3
4 17 2 3
4 2 2 2
4 4 3 3
4 4 3 3
4 10 1 2
4 9 3 3
4 3 3 3
4 7 1 2
4 3 2 2
4 2 1 1
4 1 1 1
4 9 2 3
4 6 1 2
4 3 1 1
4 1 1 1
4 5 3 3
4 2 2 2
4 2 2 2
4 3 2 2
4 11 1 2
4 9 2 2
4 10 2 2
4 5 2 2
4 3 2 2
4 6 2 2
4 5 3 3
4 7 2 3
4 2 2 2
4 3 2 2
4 2 2 2
4 7 3 3
4 8 2 2
4 5 2 3
4 4 2 2
4 3 2 2
4 2 2 2
4 6 3 3
4 3 2 2
4 7 3 3
4 8 1 2
4 6 2 3
4 4 1 1
4 2 1 1
4 6 2 2
4 1 1 1
4 4 3 3
4 2 1 1
4 6 1 2
4 1 1 1
4 2 2 2
4 1 1 1
4 7 2 3
4 2 2 2
4 5 2 3
4 2 2 2
4 7 1 2
4 1 1 1
4 5 3 3
4 6 1 2
4 6 2 3
4 6 2 2
4 1 1 1
4 12 2 3
4 1 1 1
4 9 2 2
4 9 3 3
4 2 2 2
4 1 1 1
4 5 1 2
4 6 1 1
4 1 1 1
4 3 3 3
4 5 1 2
4 4 3 3
4 3 3 3
4 5 2 3
4 1 1 1
4 2 2 2
4 3 3 3
4 5 2 3
4 4 3 3
4 1 1 1
4 7 2 3
4 7 2 2
4 1 1 1
4 5 3 3
4 4 1 1
4 1 1 1
4 2 2 2
4 5 2 2
4 1 1 1
4 1 1 1
4 1 1 1
4 5 2 3
4 1 1 1
4 2 2 2
4 2 1 1
4 4 3 3
4 6 2 3
4 3 3 3
4 2 2 2
4 3 2 2
4 7 2 3
4 5 3 3
4 3 1 1
4 6 2 3
4 1 1 1
4 7 2 2
4 1 1 1
4 4 1 1
4 3 2 2
4 4 3 3
4 5 2 3
4 4 2 2
4 2 1 1
4 17 1 2
4 1 1 1
4 5 3 3
4 4 3 3
4 1 1 1
4 5 2 3
4 4 3 3
4 1 1 1
4 4 3 3
4 2 2 2
4 7 2 3
4 1 1 1
4 9 2 3
4 1 1 1
4 4 1 1
4 1 1 1
4 2 2 2
4 9 2 3
4 4 3 3
4 4 2 2
4 1 1 1
4 1 1 1
4 2 2 2
4 2 2 2
4 3 1 1
4 9 1 2
4 10 1 1
4 1 1 1
4 2 1 1
4 14 2 3
4 1 1 1
4 6 3 3
4 6 2 3
4 3 1 1
4 8 2 3
4 8 2 3
4 4 3 3
4 1 1 1
4 6 2 3
4 2 2 2
4 6 1 2
4 3 2 2
4 6 2 2
4 1 1 1
4 4 1 2
4 7 2 3
4 6 3 3
4 1 1 1
4 2 2 2
4 6 2 3
4 1 1 1
4 3 2 2
4 4 1 1
4 3 2 2
4 3 3 3
4 1 1 1
4 1 1 1
4 1 1 1
4 4 3 3
4 15 3 3
4 10 1 1
4 2 1 1
4 2 1 1
4 2 1 1
4 1 1 1
4 8 3 3
4 1 1 1
4 3 2 2
4 17 1 2
4 1 1 1
4 19 2 2
4 12 2 2
4 4 3 3
4 1 1 1
4 8 1 2
4 5 2 2
4 7 2 2
4 9 1 2
4 1 1 1
4 3 2 2
4 9 3 3
4 5 2 2
4 2 2 2
4 6 2 3
4 2 1 1
4 4 2 2
4 8 2 3
4 8 1 2
4 4 2 2
4 2 1 1
4 2 2 2
4 3 1 1
4 1 1 1
4 4 2 2
4 3 2 2
4 2 1 1
4 4 2 2
4 2 2 2
4 4 3 3
4 6 2 3
4 5 3 3
4 2 2 2
4 9 2 3
4 3 2 2
4 8 2 2
4 2 1 1
4 2 1 1
4 1 1 1
4 14 2 2
4 6 1 1
4 3 2 2
4 3 1 1
4 2 1 1
4 6 2 2
4 1 1 1
4 2 1 1
4 4 2 2
4 4 1 1
4 3 2 2
4 4 1 1
4 7 2 3
4 2 1 1
4 1 1 1
4 2 2 2
4 7 1 2
4 5 3 3
4 3 3 3
4 7 2 3
4 6 2 2
4 5 3 3
4 2 2 2
4 2 2 2
4 5 1 1
4 6 2 2
4 7 2 3
4 6 1 2
4 1 1 1
4 2 1 1
4 2 2 2
4 2 2 2
4 5 3 3
4 5 3 3
4 5 2 2
4 1 1 1
4 1 1 1
4 8 3 3
4 5 3 3
4 3 3 3
4 4 3 3
4 4 2 3
4 2 1 1
4 6 1 2
4 1 1 1
4 6 2 2
4 5 2 2
4 3 2 2
4 1 1 1
4 7 2 3
4 3 3 3
4 2 2 2
4 7 2 2
4 1 1 1
4 1 1 1
4 1 1 1
4 6 2 3
4 2 2 2
4 6 2 2
4 2 1 1
4 1 1 1
4 3 1 1
4 1 1 1
4 2 1 1
4 11 3 3
4 3 2 2
4 2 2 2
4 1 1 1
4 5 2 3
4 9 2 3
4 5 3 3
4 5 2 2
4 3 2 2
4 4 2 3
4 1 1 1
4 3 2 2
4 5 1 1
4 2 2 2
4 6 2 3
4 6 2 2
4 1 1 1
4 1 1 1
4 2 2 2
4 4 2 2
4 5 2 2
4 6 2 3
4 6 2 3
4 8 2 3
4 10 1 2
4 1 1 1
4 8 1 2
4 5 3 3
4 4 3 3
4 2 1 1
4 12 1 2
4 2 1 1
4 3 2 2
4 13 2 3
4 5 3 3
4 1 1 1
4 1 1 1
4 4 3 3
4 9 2 3
4 3 2 2
4 2 1 1
4 7 2 3
4 4 2 2
4 1 1 1
4 14 1 1
4 5 2 2
4 3 2 2
4 13 2 3
4 10 1 1
4 1 1 1
4 6 2 3
4 3 1 1
4 4 3 3
4 5 2 3
4 1 1 1
4 1 1 1
4 5 2 2
4 5 2 3
4 1 1 1
4 2 2 2
4 1 1 1
4 10 1 1
4 8 2 3
4 4 3 3
4 1 1 1
4 2 1 1
4 4 3 3
4 4 3 3
4 7 1 1
4 6 3 3
4 1 1 1
4 8 1 2
4 2 2 2
4 4 2 2
4 3 2 2
4 8 2 3
4 2 2 2
4 1 1 1
4 8 2 3
4 5 3 3
4 8 1 2
4 1 1 1
4 12 2 3
4 8 2 3
4 1 1 1
4 3 2 2
4 1 1 1
4 6 2 2
4 6 2 3
4 1 1 1
4 4 1 1
4 2 1 1
4 2 1 1
4 9 3 3
4 1 1 1
4 8 2 3
4 7 1 2
4 4 3 3
4 10 1 2
4 6 2 2
4 3 1 1
4 3 2 2
4 5 2 3
4 5 3 3
4 1 1 1
4 1 1 1
4 4 3 3
4 3 3 3
4 3 1 1
4 2 2 2
4 9 1 2
4 3 2 2
4 3 1 1
4 2 2 2
4 6 1 2
4 4 1 1
4 2 2 2
4 4 1 1
4 2 2 2
4 1 1 1
4 6 1 1
4 2 1 1
4 7 2 2
4 2 1 1
4 3 3 3
4 4 2 2
4 1 1 1
4 4 2 3
4 5 1 1
4 8 1 2
4 2 2 2
4 1 1 1
4 2 1 1
4 9 3 3
4 9 3 3
4 2 2 2
4 2 2 2
4 1 1 1
4 2 2 2
4 1 1 1
4 1 1 1
4 8 2 2
4 6 2 3
4 7 2 2
4 5 2 2
4 1 1 1
4 8 2 2
4 10 2 3
4 1 1 1
4 2 2 2
4 5 3 3
4 9 2 2
4 8 3 3
4 5 1 1
4 6 2 3
4 4 3 3
4 4 2 2
4 2 2 2
4 3 1 1
4 4 2 2
4 5 3 3
4 4 1 1
4 3 1 1
4 2 2 2
4 4 1 1
4 5 2 3
4 3 1 1
4 1 1 1
4 4 1 1
4 4 2 3
4 3 2 2
4 4 2 2
4 3 1 1
4 12 1 2
4 2 1 1
4 5 1 1
4 4 2 2
4 2 2 2
4 4 3 3
4 1 1 1
4 2 2 2
4 3 1 1
4 3 2 2
4 1 1 1
4 1 1 1
4 4 1 2
4 7 2 3
4 3 2 2
4 1 1 1
4 3 2 2
4 2 2 2
4 5 3 3
4 1 1 1
4 5 2 2
4 2 2 2
4 6 2 3
4 1 1 1
4 1 1 1
4 2 2 2
4 5 2 2
4 5 2 3
4 5 2 3
4 6 2 3
4 4 3 3
4 3 3 3
4 1 1 1
4 4 3 3
4 9 2 2
4 9 2 3
4 7 2 2
4 1 1 1
4 9 1 2
4 5 3 3
4 1 1 1
4 5 3 3
4 4 1 1
4 1 1 1
4 1 1 1
4 1 1 1
4 3 1 1
4 1 1 1
4 1 1 1
4 6 2 3
4 3 1 1
4 3 2 2
4 2 1 1
4 4 3 3
4 4 2 2
4 3 3 3
4 1 1 1
4 1 1 1
4 8 1 2
4 10 2 3
4 6 2 3
4 15 3 3
4 2 2 2
4 1 1 1
4 3 1 1
4 1 1 1
4 7 1 2
4 1 1 1
4 1 1 1
4 6 1 2
4 6 2 3
4 13 2 3
4 10 2 3
4 8 2 2
4 3 2 2
4 4 2 2
4 7 1 1
4 1 1 1
4 5 2 2
4 2 2 2
4 5 3 3
4 2 1 1
4 3 1 1
4 1 1 1
4 3 1 1
4 1 1 1
4 2 2 2
4 6 1 1
4 1 1 1
4 2 2 2
4 3 2 2
4 3 3 3
4 2 1 1
4 4 1 1
4 3 1 1
4 1 1 1
4 2 1 1
4 1 1 1
4 3 3 3
4 7 2 3
4 5 2 2
4 2 1 1
4 2 2 2
4 8 3 3
4 4 1 1
4 6 2 3
4 8 2 3
4 10 1 3
4 6 2 2
4 5 3 3
4 1 1 1
4 8 1 2
4 5 2 3
4 5 3 3
4 3 1 1
4 1 1 1
4 5 1 1
4 6 2 2
4 4 1 1
4 2 2 2
4 6 1 2
4 6 3 3
4 15 1 3
4 2 1 1
4 4 3 3
4 5 2 2
4 1 1 1
4 1 1 1
4 1 1 1
4 1 1 1
4 4 2 2
4 4 1 2
4 1 1 1
4 5 2 3
4 5 2 3
4 5 2 3
4 1 1 1
4 3 3 3
4 8 3 3
4 11 2 2
4 4 1 2
4 1 1 1
4 2 1 1
4 1 1 1
4 1 1 1
4 2 2 2
4 7 2 3
4 8 1 2
4 6 3 3
4 3 2 2
4 5 2 3
4 2 2 2
4 6 2 2
4 3 2 2
4 1 1 1
4 9 3 3
4 6 2 2
4 3 2 2
4 1 1 1
4 1 1 1
4 1 1 1
4 3 2 2
4 3 3 3
4 5 3 3
4 1 1 1
4 4 2 2
4 3 2 2
4 4 3 3
4 2 2 2
4 4 2 2
4 3 2 2
4 5 2 2
4 6 1 2
4 1 1 1
4 5 1 1
4 3 2 2
4 1 1 1
4 3 1 1
4 3 3 3
4 2 2 2
4 1 1 1
4 2 2 2
4 4 2 3
4 4 2 3
4 2 2 2
4 3 2 2
4 2 2 2
4 6 1 1
4 5 2 2
4 1 1 1
4 1 1 1
4 1 1 1
4 2 1 1
4 3 2 2
4 4 3 3
4 6 2 3
4 2 2 2
4 1 1 1
4 15 2 3
4 5 3 3
4 1 1 1
4 8 1 2
4 7 2 3
4 2 1 1
4 3 2 2
4 1 1 1
4 7 2 2
4 5 3 3
4 12 1 2
4 5 2 3
4 5 2 2
4 2 1 1
4 2 2 2
4 2 2 2
4 7 1 2
4 4 1 2
4 9 2 3
4 5 3 3
4 14 1 3
4 7 2 3
4 4 2 2
4 3 2 2
4 4 3 3
4 2 2 2
4 3 3 3
4 1 1 1
4 4 3 3
4 9 1 2
4 10 2 3
4 5 2 2
4 8 2 3
4 3 1 1
4 6 3 3
4 12 1 2
4 1 1 1
4 8 1 1
4 1 1 1
4 3 3 3
4 4 2 2
4 8 2 3
4 1 1 1
4 6 2 3
4 5 3 3
4 2 2 2
4 2 2 2
4 1 1 1
4 13 2 3
4 1 1 1
4 2 2 2
4 4 3 3
4 3 2 2
4 9 2 3
4 1 1 1
4 4 2 2
4 3 3 3
4 1 1 1
4 4 1 1
4 7 1 1
4 8 1 2
4 1 1 1
4 6 2 3
4 1 1 1
4 4 2 2
4 4 2 3
4 1 1 1
4 4 2 2
4 6 3 3
4 5 1 1
4 4 3 3
4 4 1 1
4 7 2 2
4 4 3 3
4 12 1 2
4 4 2 2
4 1 1 1
4 4 1 1
4 1 1 1
4 7 2 3
4 1 1 1
4 1 1 1
4 1 1 1
4 4 2 2
4 7 1 1
4 2 2 2
4 1 1 1
4 6 3 3
4 9 2 3
4 2 2 2
4 1 1 1
4 2 1 1
4 3 1 1
4 2 2 2
4 2 2 2
4 6 2 3
4 1 1 1
4 14 1 2
4 2 1 1
4 14 1 2
4 4 2 3
4 3 2 2
4 1 1 1
4 2 2 2
4 24 2 3
4 1 1 1
4 12 1 2
4 2 2 2
4 1 1 1
4 3 2 2
4 1 1 1
4 5 2 3
4 5 1 1
4 2 2 2
4 3 1 1
4 3 2 2
4 1 1 1
4 5 2 2
4 2 2 2
4 2 2 2
4 2 2 2
4 2 2 2
4 2 2 2
4 8 2 2
4 2 2 2
4 2 2 2
4 5 1 2
4 4 3 3
4 1 1 1
4 3 1 1
4 2 2 2
4 3 2 2
4 5 2 2
4 1 1 1
4 8 1 2
4 6 2 3
4 2 1 1
4 5 2 3
4 5 2 2
4 7 2 3
4 2 2 2
4 3 3 3
4 1 1 1
4 2 2 2
4 4 2 2
4 3 2 2
4 8 2 2
4 3 2 2
4 7 1 2
4 2 2 2
4 4 2 2
4 2 2 2
4 1 1 1
4 2 2 2
4 7 2 2
4 12 1 2
4 1 1 1
4 10 1 2
4 5 2 2
4 15 2 2
4 1 1 1
4 20 2 3
4 1 1 1
4 4 3 3
4 2 2 2
4 1 1 1
4 4 2 2
4 5 1 2
4 5 3 3
4 5 1 1
4 1 1 1
4 4 1 2
4 2 2 2
4 5 3 3
4 12 1 2
4 4 3 3
4 2 2 2
4 2 2 2
4 2 2 2
4 1 1 1
4 1 1 1
4 1 1 1
4 1 1 1
4 1 1 1
4 3 3 3
4 1 1 1
4 3 2 2
4 5 3 3
4 3 3 3
4 3 1 1
4 1 1 1
4 8 2 3
4 2 1 1
4 3 2 2
4 6 3 3
4 5 2 3
4 5 1 1
4 2 2 2
4 5 2 3
4 1 1 1
4 2 1 1
4 5 1 1
4 3 1 1
4 7 1 2
4 5 2 2
4 1 1 1
4 1 1 1
4 5 2 3
4 9 2 3
4 4 1 1
4 6 2 3
4 6 1 2
4 1 1 1
4 5 3 3
4 17 2 3
4 2 2 2
4 4 3 3
4 4 3 3
4 10 1 2
4 9 3 3
4 3 3 3
4 7 1 2
4 3 2 2
4 2 1 1
4 1 1 1
4 9 2 3
4 6 1 2
4 3 1 1
4 1 1 1
4 5 3 3
4 2 2 2
4 2 2 2
4 3 2 2
4 11 1 2
4 9 2 2
4 10 2 2
4 5 2 2
4 3 2 2
4 6 2 2
4 5 3 3
4 7 2 3
4 2 2 2
4 3 2 2
4 2 2 2
4 7 3 3
4 8 2 2
4 5 2 3
4 4 2 2
4 3 2 2
4 2 2 2
4 6 3 3
4 3 2 2
4 7 3 3
4 8 1 2
4 6 2 3
4 4 1 1
4 2 1 1
4 6 2 2
4 1 1 1
4 4 3 3
4 2 1 1
4 6 1 2
4 1 1 1
4 2 2 2
4 1 1 1
4 7 2 3
4 2 2 2
4 5 2 3
4 2 2 2
4 7 1 2
4 1 1 1
4 5 3 3
4 6 1 2
4 6 2 3
4 6 2 2
4 1 1 1
4 12 2 3
4 1 1 1
4 9 2 2
4 9 3 3
4 2 2 2
4 1 1 1
4 5 1 2
4 6 1 1
4 1 1 1
4 3 3 3
4 5 1 2
4 4 3 3
4 3 3 3
4 5 2 3
4 1 1 1
4 2 2 2
4 3 3 3
4 5 2 3
4 4 3 3
4 1 1 1
4 7 2 3
4 7 2 2
4 1 1 1
4 5 3 3
4 4 1 1
4 1 1 1
4 2 2 2
4 5 2 2
4 1 1 1
4 1 1 1
4 1 1 1
4 5 2 3
4 1 1 1
4 2 2 2
4 2 1 1
4 4 3 3
4 6 2 3
4 3 3 3
4 2 2 2
4 3 2 2
4 7 2 3
4 5 3 3
4 3 1 1
4 6 2 3
4 1 1 1
4 7 2 2
4 1 1 1
4 4 1 1
4 3 2 2
4 4 3 3
4 5 2 3
4 4 2 2
4 2 1 1
4 17 1 2
4 1 1 1
4 5 3 3
4 4 3 3
4 1 1 1
4 5 2 3
4 4 3 3
4 1 1 1
4 4 3 3
4 2 2 2
4 7 2 3
4 1 1 1
4 9 2 3
4 1 1 1
4 4 1 1
4 1 1 1
4 2 2 2
4 9 2 3
4 4 3 3
4 4 2 2
4 1 1 1
4 1 1 1
4 2 2 2
4 2 2 2
4 3 1 1
4 9 1 2
4 10 1 1
4 1 1 1
4 2 1 1
4 14 2 3
4 1 1 1
4 6 3 3
4 6 2 3
4 3 1 1
4 8 2 3
4 8 2 3
4 4 3 3
4 1 1 1
4 6 2 3
4 2 2 2
4 6 1 2
4 3 2 2
4 6 2 2
4 1 1 1
4 4 1 2
4 7 2 3
4 6 3 3
4 1 1 1
4 2 2 2
4 6 2 3
4 1 1 1
4 3 2 2
4 4 1 1
4 3 2 2
4 3 3 3
4 1 1 1
4 1 1 1
4 1 1 1
4 4 3 3
4 15 3 3
4 10 1 1
4 2 1 1
4 2 1 1
4 2 1 1
4 1 1 1
4 8 3 3
4 1 1 1
4 3 2 2
4 17 1 2
4 1 1 1
4 19 2 2
4 12 2 2
4 4 3 3
4 1 1 1
4 8 1 2
4 5 2 2
4 7 2 2
4 9 1 2
4 1 1 1
4 3 2 2
4 9 3 3
4 5 2 2
4 2 2 2
4 6 2 3
4 2 1 1
4 4 2 2
4 8 2 3
4 8 1 2
4 4 2 2
4 2 1 1
4 2 2 2
4 3 1 1
4 1 1 1
4 4 2 2
4 3 2 2
4 2 1 1
4 4 2 2
4 2 2 2
4 4 3 3
4 6 2 3
4 5 3 3
4 2 2 2
4 9 2 3
4 3 2 2
4 8 2 2
4 2 1 1
4 2 1 1
4 1 1 1
4 14 2 2
4 6 1 1
4 3 2 2
4 3 1 1
4 2 1 1
4 6 2 2
4 1 1 1
4 2 1 1
4 4 2 2
4 4 1 1
4 3 2 2
4 4 1 1
4 7 2 3
4 2 1 1
4 1 1 1
4 2 2 2
4 7 1 2
4 5 3 3
4 3 3 3
4 7 2 3
4 6 2 2
4 5 3 3
4 2 2 2
4 2 2 2
4 5 1 1
4 6 2 2
4 7 2 3
4 6 1 2
4 1 1 1
4 2 1 1
4 2 2 2
4 2 2 2
4 5 3 3
4 5 3 3
4 5 2 2
4 1 1 1
4 1 1 1
4 8 3 3
4 5 3 3
4 3 3 3
4 4 3 3
4 4 2 3
4 2 1 1
4 6 1 2
4 1 1 1
4 6 2 2
4 5 2 2
4 3 2 2
4 1 1 1
4 7 2 3
4 3 3 3
4 2 2 2
4 7 2 2
4 1 1 1
4 1 1 1
4 1 1 1
4 6 2 3
4 2 2 2
4 6 2 2
4 2 1 1
4 1 1 1
4 3 1 1
4 1 1 1
4 2 1 1
4 11 3 3
4 3 2 2
4 2 2 2
4 1 1 1
4 5 2 3
4 9 2 3
4 5 3 3
4 5 2 2
4 3 2 2
4 4 2 3
4 1 1 1
4 3 2 2
4 5 1 1
4 2 2 2
4 6 2 3
4 6 2 2
4 1 1 1
4 1 1 1
4 2 2 2
4 4 2 2
4 5 2 2
4 6 2 3
4 6 2 3
4 8 2 3
4 10 1 2
4 1 1 1
4 8 1 2
4 5 3 3
4 4 3 3
4 2 1 1
4 12 1 2
4 2 1 1
4 3 2 2
4 13 2 3
4 5 3 3
4 1 1 1
4 1 1 1
4 4 3 3
4 9 2 3
4 3 2 2
4 2 1 1
4 7 2 3
4 4 2 2
4 1 1 1
4 14 1 1
4 5 2 2
4 3 2 2
4 13 2 3
4 10 1 1
4 1 1 1
4 6 2 3
4 3 1 1
4 4 3 3
4 5 2 3
4 1 1 1
4 1 1 1
4 5 2 2
4 5 2 3
4 1 1 1
4 2 2 2
4 1 1 1
4 10 1 1
4 8 2 3
4 4 3 3
4 1 1 1
4 2 1 1
4 4 3 3
4 4 3 3
4 7 1 1
4 6 3 3
4 1 1 1
4 8 1 2
4 2 2 2
4 4 2 2
4 3 2 2
4 8 2 3
4 2 2 2
4 1 1 1
4 8 2 3
4 5 3 3
4 8 1 2
4 1 1 1
4 12 2 3
4 8 2 3
4 1 1 1
4 3 2 2
4 1 1 1
4 6 2 2
4 6 2 3
4 1 1 1
4 4 1 1
4 2 1 1
4 2 1 1
4 9 3 3
4 1 1 1
4 8 2 3
4 7 1 2
4 4 3 3
4 10 1 2
4 6 2 2
4 3 1 1
4 3 2 2
4 5 2 3
4 5 3 3
4 1 1 1
4 1 1 1
4 4 3 3
4 3 3 3
4 3 1 1
4 2 2 2
4 9 1 2
4 3 2 2
4 3 1 1
4 2 2 2
4 6 1 2
4 4 1 1
4 2 2 2
4 4 1 1
4 2 2 2
4 1 1 1
4 6 1 1
4 2 1 1
4 7 2 2
4 2 1 1
4 3 3 3
4 4 2 2
4 1 1 1
4 4 2 3
4 5 1 1
4 8 1 2
4 2 2 2
4 1 1 1
4 2 1 1
4 9 3 3
4 9 3 3
4 2 2 2
4 2 2 2
4 1 1 1
4 2 2 2
4 1 1 1
4 1 1 1
4 8 2 2
4 6 2 3
4 7 2 2
4 5 2 2
4 1 1 1
4 8 2 2
4 10 2 3
4 1 1 1
4 2 2 2
4 5 3 3
4 9 2 2
4 8 3 3
4 5 1 1
4 6 2 3
4 4 3 3
4 4 2 2
4 2 2 2
4 3 1 1
4 4 2 2
4 5 3 3
4 4 1 1
4 3 1 1
4 2 2 2
4 4 1 1
4 5 2 3
4 3 1 1
4 1 1 1
4 4 1 1
4 4 2 3
4 3 2 2
4 4 2 2
4 3 1 1
4 12 1 2
4 2 1 1
4 5 1 1
4 4 2 2
4 2 2 2
4 4 3 3
4 1 1 1
4 2 2 2
4 3 1 1
4 3 2 2
4 1 1 1
4 1 1 1
4 4 1 2
4 7 2 3
4 3 2 2
4 1 1 1
4 3 2 2
4 2 2 2
4 5 3 3
4 1 1 1
4 5 2 2
4 2 2 2
4 6 2 3
4 1 1 1
4 1 1 1
4 2 2 2
4 5 2 2
4 5 2 3
4 5 2 3
4 6 2 3
4 4 3 3
4 3 3 3
4 1 1 1
4 4 3 3
4 9 2 2
4 9 2 3
4 7 2 2
4 1 1 1
4 9 1 2
4 5 3 3
4 1 1 1
4 5 3 3
4 4 1 1
4 1 1 1
4 1 1 1
4 1 1 1
4 3 1 1
4 1 1 1
4 1 1 1
4 6 2 3
4 3 1 1
4 3 2 2
4 2 1 1
4 4 3 3
4 4 2 2
4 3 3 3
4 1 1 1
4 1 1 1
4 8 1 2
4 10 2 3
4 6 2 3
4 15 3 3
4 2 2 2
4 1 1 1
4 3 1 1
4 1 1 1
4 7 1 2
4 1 1 1
4 1 1 1
4 6 1 2
4 6 2 3
4 13 2 3
4 10 2 3
4 8 2 2
4 3 2 2
4 4 2 2
4 7 1 1
4 1 1 1
4 5 2 2
4 2 2 2
4 5 3 3
4 2 1 1
4 3 1 1
4 1 1 1
4 3 1 1
4 1 1 1
4 2 2 2
4 6 1 1
4 1 1 1
4 2 2 2
4 3 2 2
4 3 3 3
4 2 1 1
4 4 1 1
4 3 1 1
4 1 1 1
4 2 1 1
4 1 1 1
4 3 3 3
4 7 2 3
4 5 2 2
4 2 1 1
4 2 2 2
4 8 3 3
4 4 1 1
4 6 2 3
4 8 2 3
4 10 1 3
4 6 2 2
4 5 3 3
4 1 1 1
4 8 1 2
4 5 2 3
4 5 3 3
4 3 1 1
4 1 1 1
4 5 1 1
4 6 2 2
4 4 1 1
4 2 2 2
4 6 1 2
4 6 3 3
4 15 1 3
4 2 1 1
4 4 3 3
4 5 2 2
4 1 1 1
4 1 1 1
4 1 1 1
4 1 1 1
4 4 2 2
4 4 1 2
4 1 1 1
4 5 2 3
4 5 2 3
4 5 2 3
4 1 1 1
4 3 3 3
4 8 3 3
4 11 2 2
4 4 1 2
4 1 1 1
4 2 1 1
4 1 1 1
4 1 1 1
4 2 2 2
4 7 2 3
4 8 1 2
4 6 3 3
4 3 2 2
4 5 2 3
4 2 2 2
4 6 2 2
4 3 2 2
4 1 1 1
4 9 3 3
4 6 2 2
4 3 2 2
4 1 1 1
4 1 1 1
4 1 1 1
4 3 2 2
4 3 3 3
4 5 3 3
4 1 1 1
4 4 2 2
4 3 2 2
4 4 3 3
4 2 2 2
4 4 2 2
4 3 2 2
4 5 2 2
4 6 1 2
4 1 1 1
4 5 1 1
4 3 2 2
4 1 1 1
4 3 1 1
4 3 3 3
4 2 2 2
4 1 1 1
4 2 2 2
4 4 2 3
4 4 2 3
4 2 2 2
4 3 2 2
4 2 2 2
4 6 1 1
4 5 2 2
4 1 1 1
4 1 1 1
4 1 1 1
4 2 1 1
4 3 2 2
4 4 3 3
4 6 2 3
4 2 2 2
4 1 1 1
4 15 2 3
4 5 3 3
4 1 1 1
4 8 1 2
4 7 2 3
4 2 1 1
4 3 2 2
4 1 1 1
4 7 2 2
4 5 3 3
4 12 1 2
4 5 2 3
4 5 2 2
4 2 1 1
4 2 2 2
4 2 2 2
4 7 1 2
4 4 1 2
4 9 2 3
4 5 3 3
4 14 1 3
4 7 2 3
4 4 2 2
4 3 2 2
4 4 3 3
4 2 2 2
4 3 3 3
4 1 1 1
4 4 3 3
4 9 1 2
4 10 2 3
4 5 2 2
4 8 2 3
4 3 1 1
4 6 3 3
4 12 1 2
4 1 1 1
4 8 1 1
4 1 1 1
4 3 3 3
4 4 2 2
4 8 2 3
4 1 1 1
4 6 2 3
4 5 3 3
4 2 2 2
4 2 2 2
4 1 1 1
4 13 2 3
4 1 1 1
4 2 2 2
4 4 3 3
4 3 2 2
4 9 2 3
4 1 1 1
4 4 2 2
4 3 3 3
4 1 1 1
4 4 1 1
4 7 1 1
4 8 1 2
4 1 1 1
4 6 2 3
4 1 1 1
4 4 2 2
4 4 2 3
4 1 1 1
4 4 2 2
4 6 3 3
4 5 1 1
4 4 3 3
4 4 1 1
4 7 2 2
4 4 3 3
4 12 1 2
4 4 2 2
4 1 1 1
4 4 1 1
4 1 1 1
4 7 2 3
4 1 1 1
4 1 1 1
4 1 1 1
4 4 2 2
4 7 1 1
4 2 2 2
4 1 1 1
4 6 3 3
4 9 2 3
4 2 2 2
4 1 1 1
4 2 1 1
4 3 1 1
4 2 2 2
4 2 2 2
4 6 2 3
4 1 1 1
4 14 1 2
4 2 1 1
4 14 1 2
4 4 2 3
4 3 2 2
4 1 1 1
4 2 2 2
4 24 2 3
4 1 1 1
4 12 1 2
4 2 2 2
4 1 1 1
4 3 2 2
4 1 1 1
4 5 2 3
4 5 1 1
4 2 2 2
4 3 1 1
4 3 2 2
4 1 1 1
4 5 2 2
4 2 2 2
4 2 2 2
4 2 2 2
4 2 2 2
4 2 2 2
4 8 2 2
4 2 2 2
4 2 2 2
4 5 1 2
4 4 3 3
4 1 1 1
4 3 1 1
4 2 2 2
4 3 2 2
4 5 2 2
4 1 1 1
4 8 1 2
4 6 2 3
4 2 1 1
4 5 2 3
4 5 2 2
4 7 2 3
4 2 2 2
4 3 3 3
4 1 1 1
4 2 2 2
4 4 2 2
4 3 2 2
4 8 2 2
4 3 2 2
4 7 1 2
4 2 2 2
4 4 2 2
4 2 2 2
4 1 1 1
4 2 2 2
4 7 2 2
4 12 1 2
4 1 1 1
4 10 1 2
4 5 2 2
4 15 2 2
4 1 1 1
4 20 2 3
4 1 1 1
4 4 3 3
4 2 2 2
4 1 1 1
4 4 2 2
4 5 1 2
4 5 3 3
4 5 1 1
4 1 1 1
4 4 1 2
4 2 2 2
4 5 3 3
4 12 1 2
4 4 3 3
4 2 2 2
4 2 2 2
4 2 2 2
4 1 1 1
4 1 1 1
4 1 1 1
4 1 1 1
4 1 1 1
4 3 3 3
4 1 1 1
4 3 2 2
4 5 3 3
4 3 3 3
4 3 1 1
4 1 1 1
4 8 2 3
4 2 1 1
4 3 2 2
4 6 3 3
4 5 2 3
4 5 1 1
4 2 2 2
4 5 2 3
4 1 1 1
4 2 1 1
4 5 1 1
4 3 1 1
4 7 1 2
4 5 2 2
4 1 1 1
4 1 1 1
4 5 2 3
4 9 2 3
