5 5 5 5 5 1
5 6 3 2 4 1
5 8 3 2 4 1
5 5 5 5 5 1
5 5 5 5 5 1
5 5 5 5 5 1
5 6 3 2 4 1
5 5 5 5 5 1
5 5 5 5 5 1
5 11 3 1 4 1
5 6 2 3 4 1
5 5 5 5 5 1
5 6 3 2 4 1
5 5 5 5 5 1
5 8 3 2 4 1
5 5 5 5 5 1
5 6 4 2 5 1
5 5 5 5 5 1
5 13 3 1 4 1
5 7 2 3 5 1
5 5 5 5 5 1
5 5 5 5 5 1
5 7 3 3 5 1
5 7 2 3 5 1
5 5 5 5 5 1
5 5 5 5 5 1
5 9 2 3 5 1
5 5 5 5 5 1
5 5 5 5 5 1
5 8 2 2 5 1
5 5 5 5 5 1
5 5 5 5 5 1
5 5 5 5 5 1
5 5 5 5 5 1
5 5 5 5 5 1
5 11 2 2 4 1
5 15 3 1 4 1
5 5 5 5 5 1
5 5 5 5 5 1
5 7 3 2 4 1
5 3 2 0 2 0
5 6 2 0 2 0
5 3 2 0 2 0
5 1 1 0 1 0
5 4 3 0 3 0
5 3 3 0 3 0
5 9 2 0 3 0
5 1 1 0 1 0
5 10 2 0 3 0
5 3 3 0 3 0
5 3 2 0 2 0
