4 5 2 2 3 1
4 8 2 1 3 1
4 18 2 1 3 1
4 8 2 1 3 1
4 5 2 1 3 1
4 9 2 1 3 1
4 7 2 1 3 1
4 5 2 2 3 1
4 5 2 2 3 1
4 7 3 1 4 1
4 6 2 2 3 1
4 7 2 2 3 1
4 6 2 2 3 1
4 5 2 2 3 1
4 5 2 3 4 1
4 9 2 1 3 1
4 6 3 1 4 1
4 6 2 2 3 1
4 4 4 4 4 1
4 5 2 1 3 1
4 7 2 1 3 1
4 4 4 4 4 1
4 4 4 4 4 1
4 11 2 1 3 1
4 5 2 3 4 1
4 6 2 2 4 1
4 5 2 2 3 1
4 5 2 2 3 1
4 9 2 2 3 1
4 5 2 2 3 1
4 2 2 0 2 0
4 3 2 0 2 0
4 7 3 0 3 0
4 2 2 0 2 0
4 2 2 0 2 0
4 4 2 0 2 0
4 35 2 0 2 0
4 3 2 0 2 0
4 3 2 0 2 0
4 6 2 0 2 0
4 3 2 0 2 0
4 8 1 0 2 0
