4 8 1 1 2 1
4 6 1 1 2 1
4 10 2 2 3 1
4 8 1 1 2 1
4 7 1 2 3 1
4 6 2 2 3 1
4 9 1 2 3 1
4 5 2 2 3 1
4 5 2 1 3 1
4 9 2 1 3 1
4 8 2 1 3 1
4 7 2 2 3 1
4 7 1 1 2 1
4 9 1 1 2 1
4 7 1 1 2 1
4 5 2 1 3 1
4 5 2 1 3 1
4 5 1 2 3 1
4 8 1 1 2 1
4 9 1 2 3 1
4 5 2 1 3 1
4 5 2 1 3 1
4 7 1 1 2 1
4 6 2 2 3 1
4 10 2 1 3 1
4 11 1 1 3 1
4 6 1 2 3 1
4 4 4 4 4 1
4 9 2 1 3 1
4 8 1 1 2 1
4 5 1 2 3 1
4 8 2 2 3 1
4 10 1 1 2 1
4 7 2 1 3 1
4 18 2 1 3 1
4 7 2 2 3 1
4 10 1 2 3 1
4 5 2 1 3 1
4 6 2 1 3 1
4 6 1 1 2 1
4 8 2 2 3 1
4 8 2 1 3 1
4 7 1 1 2 1
4 7 1 1 2 1
4 5 1 2 3 1
4 5 1 1 2 1
4 6 2 1 3 1
4 5 2 2 3 1
4 5 1 1 2 1
4 5 2 1 3 1
4 8 1 1 2 1
4 7 1 2 4 1
4 5 2 1 3 1
4 6 1 1 2 1
4 5 2 2 3 1
4 6 1 1 3 1
4 5 2 1 3 1
4 9 1 1 3 1
4 7 1 1 2 1
4 5 2 2 4 1
4 7 1 1 2 1
4 5 1 2 3 1
4 12 1 1 2 1
4 5 1 1 2 1
4 13 1 1 2 1
4 5 2 1 3 1
4 8 2 1 3 1
4 7 1 1 2 1
4 5 1 2 3 1
4 8 2 1 3 1
4 14 2 1 3 1
4 6 1 2 3 1
4 8 2 1 3 1
4 7 1 1 2 1
4 11 1 1 2 1
4 5 1 1 2 1
4 11 1 1 3 1
4 7 1 2 4 1
4 5 2 1 3 1
4 11 1 2 3 1
4 5 2 1 3 1
4 9 1 1 2 1
4 6 2 1 3 1
4 6 1 1 2 1
4 7 2 2 3 1
4 8 1 1 2 1
4 5 2 1 3 1
4 5 2 2 3 1
4 8 1 1 2 1
4 10 1 2 4 1
4 5 1 1 2 1
4 13 1 1 2 1
4 5 2 1 3 1
4 5 2 1 3 1
4 12 1 1 2 1
4 14 1 2 3 1
4 5 1 1 2 1
4 7 2 1 3 1
4 4 4 4 4 1
4 9 1 1 2 1
4 16 1 1 2 1
4 6 2 1 3 1
4 6 1 1 2 1
4 5 2 1 3 1
4 11 1 1 2 1
4 5 1 2 3 1
4 5 3 1 4 1
4 6 1 1 2 1
4 11 1 1 3 1
4 10 2 1 3 1
4 6 1 1 2 1
4 18 1 1 2 1
4 8 1 1 2 1
4 6 2 1 3 1
4 9 1 1 2 1
4 13 2 1 3 1
4 7 2 1 3 1
4 10 1 1 2 1
4 5 2 1 3 1
4 5 1 2 3 1
4 9 1 1 2 1
4 5 1 1 2 1
4 5 1 2 3 1
4 15 1 1 3 1
4 8 1 1 3 1
4 9 2 1 3 1
4 5 2 1 3 1
4 5 2 2 3 1
4 8 1 1 2 1
4 7 2 2 4 1
4 5 2 2 4 1
4 10 1 1 3 1
4 7 1 1 2 1
4 10 1 2 3 1
4 7 2 1 3 1
4 10 1 1 2 1
4 7 2 1 3 1
4 7 2 1 3 1
4 7 1 1 2 1
4 5 2 1 3 1
4 8 2 2 3 1
4 8 2 1 3 1
4 5 1 1 2 1
4 10 2 2 3 1
4 7 1 1 2 1
4 6 1 1 3 1
4 6 2 1 3 1
4 5 1 1 2 1
4 5 2 1 3 1
4 7 1 1 2 1
4 7 3 1 4 1
4 5 2 1 3 1
4 10 1 2 3 1
4 5 2 1 3 1
4 10 1 1 2 1
4 6 1 1 2 1
4 12 1 1 2 1
4 6 2 2 3 1
4 11 1 2 3 1
4 6 2 1 3 1
4 7 2 1 3 1
4 9 2 1 4 1
4 5 2 2 4 1
4 5 2 2 4 1
4 5 2 2 4 1
4 6 1 1 2 1
4 7 1 1 2 1
4 5 2 2 4 1
4 5 2 1 3 1
4 7 1 1 2 1
4 5 1 1 2 1
4 10 2 1 3 1
4 5 2 1 3 1
4 9 1 1 2 1
4 10 1 1 3 1
4 5 2 1 3 1
4 5 2 1 3 1
4 8 2 1 3 1
4 6 2 2 3 1
4 5 2 1 3 1
4 5 1 3 4 1
4 7 2 1 3 1
4 6 2 1 3 1
4 7 1 1 2 1
4 6 2 1 3 1
4 5 2 1 3 1
4 5 2 1 3 1
4 13 1 1 2 1
4 10 2 2 3 1
4 10 1 1 2 1
4 7 2 1 3 1
4 7 1 1 2 1
4 16 2 1 3 1
4 5 2 1 3 1
4 6 1 2 3 1
4 7 2 1 3 1
4 13 1 1 2 1
4 9 1 1 3 1
4 7 1 1 2 1
4 8 2 2 3 1
4 7 2 1 3 1
4 6 1 2 3 1
4 9 1 2 3 1
4 7 1 1 2 1
4 6 2 1 3 1
4 13 1 1 2 1
4 8 2 1 3 1
4 6 2 1 3 1
4 7 1 1 3 1
4 13 2 1 3 1
4 10 2 1 3 1
4 7 1 1 2 1
4 5 2 1 3 1
4 8 1 2 3 1
4 6 2 1 3 1
4 8 2 2 3 1
4 17 1 1 3 1
4 5 2 2 3 1
4 14 1 1 3 1
4 5 1 1 2 1
4 7 2 1 3 1
4 5 1 1 2 1
4 4 4 4 4 1
4 6 2 1 3 1
4 8 1 1 2 1
4 5 2 1 3 1
4 5 2 1 3 1
4 11 1 1 2 1
4 6 1 1 2 1
4 6 2 2 3 1
4 5 1 1 2 1
4 6 1 1 2 1
4 10 1 1 3 1
4 5 2 1 3 1
4 5 1 1 2 1
4 8 2 1 3 1
4 8 1 1 3 1
4 11 1 1 3 1
4 6 1 1 3 1
4 7 2 1 3 1
4 9 1 1 4 1
4 5 1 2 3 1
4 13 1 1 3 1
4 10 2 1 3 1
4 13 1 1 2 1
4 8 1 1 3 1
4 11 2 2 4 1
4 9 2 1 3 1
4 4 4 4 4 1
4 6 2 1 3 1
4 17 1 2 4 1
4 14 2 1 4 1
4 7 1 1 2 1
4 5 3 1 4 1
4 7 2 1 3 1
4 9 1 1 2 1
4 11 1 1 2 1
4 6 1 1 3 1
4 7 1 2 3 1
4 17 1 1 3 1
4 9 1 1 2 1
4 9 1 1 3 1
4 7 1 1 2 1
4 6 2 1 3 1
4 7 2 2 3 1
4 9 2 1 3 1
4 6 2 1 3 1
4 8 2 1 3 1
4 6 1 1 3 1
4 5 2 2 3 1
4 8 2 1 3 1
4 14 1 1 2 1
4 6 1 1 3 1
4 6 1 1 2 1
4 7 2 1 3 1
4 5 1 1 2 1
4 6 1 1 2 1
4 7 2 1 3 1
4 5 2 1 3 1
4 7 2 1 3 1
4 5 2 1 3 1
4 5 2 1 3 1
4 8 2 2 3 1
4 6 2 1 3 1
4 12 2 1 3 1
4 10 1 1 2 1
4 9 1 1 2 1
4 6 2 1 3 1
4 9 1 1 2 1
4 5 1 1 2 1
4 6 1 1 3 1
4 7 1 1 2 1
4 8 1 1 3 1
4 12 1 1 2 1
4 7 2 1 3 1
4 7 2 1 3 1
4 4 4 4 4 1
4 4 4 4 4 1
4 12 1 1 3 1
4 4 4 4 4 1
4 9 1 2 3 1
4 6 2 1 3 1
4 7 1 1 2 1
4 7 1 2 3 1
4 5 1 2 3 1
4 9 1 1 2 1
4 7 1 1 2 1
4 7 2 1 3 1
4 10 1 1 3 1
4 8 1 1 2 1
4 9 1 1 3 1
4 9 2 1 3 1
4 11 3 1 4 1
4 4 4 4 4 1
4 12 1 2 3 1
4 5 2 1 3 1
4 6 2 1 3 1
4 14 1 1 2 1
4 9 1 1 2 1
4 5 3 1 4 1
4 9 2 1 3 1
4 5 2 2 3 1
4 6 1 1 2 1
4 5 2 1 3 1
4 7 2 1 3 1
4 6 1 1 2 1
4 7 1 1 2 1
4 5 1 1 2 1
4 6 2 1 3 1
4 6 1 1 2 1
4 8 1 1 3 1
4 6 2 1 3 1
4 12 1 2 3 1
4 9 1 2 3 1
4 7 1 2 3 1
4 10 1 2 3 1
4 8 1 2 3 1
4 8 2 1 3 1
4 9 1 1 2 1
4 6 1 1 2 1
4 11 1 1 3 1
4 8 1 1 2 1
4 7 1 1 2 1
4 5 2 1 3 1
4 5 2 2 4 1
4 9 2 1 3 1
4 6 2 1 3 1
4 5 1 2 3 1
4 23 1 1 2 1
4 5 2 1 3 1
4 9 1 1 2 1
4 6 2 2 3 1
4 6 2 1 3 1
4 5 2 1 3 1
4 4 4 4 4 1
4 15 2 2 4 1
4 7 1 1 2 1
4 6 2 1 3 1
4 9 2 2 3 1
4 11 1 1 2 1
4 7 2 1 3 1
4 8 1 1 3 1
4 5 2 1 3 1
4 8 1 1 2 1
4 7 1 1 3 1
4 11 1 2 3 1
4 5 1 2 3 1
4 6 2 1 3 1
4 8 2 2 3 1
4 17 1 2 4 1
4 5 2 1 3 1
4 23 2 1 3 1
4 7 1 1 3 1
4 14 1 1 3 1
4 6 2 1 3 1
4 6 1 1 2 1
4 6 1 1 2 1
4 12 1 1 2 1
4 8 1 1 2 1
4 5 2 1 3 1
4 15 2 1 3 1
4 4 4 4 4 1
4 5 1 1 2 1
4 7 1 1 2 1
4 6 1 1 3 1
4 13 1 1 2 1
4 11 1 1 2 1
4 16 2 2 3 1
4 11 2 1 3 1
4 6 1 1 2 1
4 6 2 1 3 1
4 7 2 3 4 1
4 7 1 1 2 1
4 21 1 1 3 1
4 7 1 2 3 1
4 8 1 1 2 1
4 8 1 1 2 1
4 13 1 1 2 1
4 5 2 1 3 1
4 8 1 3 4 1
4 6 1 1 2 1
4 5 2 1 3 1
4 5 2 1 3 1
4 6 2 1 3 1
4 31 1 1 3 1
4 5 2 1 3 1
4 6 1 1 2 1
4 11 1 2 4 1
4 6 2 1 3 1
4 7 1 1 2 1
4 6 1 1 3 1
4 8 1 1 2 1
4 5 2 2 4 1
4 10 1 1 3 1
4 14 2 1 3 1
4 8 1 1 2 1
4 11 1 1 3 1
4 4 4 4 4 1
4 7 2 1 3 1
4 5 1 2 3 1
4 5 3 1 4 1
4 8 1 2 3 1
4 12 1 2 3 1
4 7 2 1 3 1
4 7 1 1 2 1
4 9 2 2 3 1
4 13 1 2 3 1
4 11 2 1 3 1
4 9 1 1 2 1
4 6 1 2 3 1
4 10 1 1 3 1
4 9 1 1 2 1
4 11 1 1 3 1
4 5 2 1 3 1
4 9 1 1 2 1
4 5 2 1 3 1
4 4 4 4 4 1
4 9 2 1 3 1
4 6 2 1 3 1
4 6 1 1 2 1
4 6 1 1 2 1
4 12 1 1 3 1
4 5 2 1 3 1
4 7 2 1 3 1
4 7 1 1 2 1
4 9 1 1 3 1
4 6 1 1 3 1
4 8 1 1 2 1
4 8 2 1 3 1
4 6 1 1 2 1
4 6 2 1 3 1
4 14 1 1 4 1
4 6 1 2 4 1
4 6 1 1 4 1
4 5 2 1 3 1
4 6 1 1 3 1
4 6 3 1 4 1
4 5 2 1 3 1
4 9 1 2 3 1
4 5 2 1 3 1
4 9 2 2 3 1
4 12 2 1 4 1
4 7 1 1 2 1
4 5 2 1 3 1
4 8 1 1 2 1
4 9 2 1 3 1
4 7 1 1 2 1
4 7 2 1 3 1
4 6 2 1 3 1
4 6 2 1 3 1
4 7 1 1 2 1
4 9 1 1 2 1
4 12 1 1 2 1
4 7 1 1 3 1
4 5 2 2 3 1
4 5 2 1 3 1
4 5 2 1 3 1
4 6 1 1 2 1
4 7 1 1 2 1
4 7 2 1 3 1
4 8 1 1 3 1
4 10 1 1 2 1
4 10 1 2 3 1
4 10 1 1 2 1
4 13 1 2 3 1
4 5 2 1 3 1
4 6 1 1 2 1
4 5 2 2 4 1
4 7 2 2 3 1
4 5 1 2 3 1
4 5 2 1 3 1
4 5 1 2 3 1
4 5 2 1 3 1
4 5 2 1 3 1
4 7 2 1 3 1
4 6 2 2 4 1
4 6 2 2 4 1
4 8 2 1 3 1
4 6 1 1 2 1
4 8 1 1 3 1
4 11 1 1 3 1
4 6 1 1 3 1
4 5 2 1 3 1
4 7 1 1 2 1
4 6 1 2 3 1
4 5 2 1 3 1
4 8 2 3 4 1
4 4 4 4 4 1
4 6 2 2 4 1
4 6 1 1 2 1
4 6 1 1 2 1
4 9 1 1 3 1
4 9 1 1 2 1
4 7 2 1 3 1
4 5 2 1 3 1
4 7 1 1 4 1
4 13 2 2 4 1
4 9 1 1 2 1
4 10 1 2 4 1
4 7 1 2 3 1
4 5 2 2 3 1
4 8 1 2 4 1
4 7 2 1 3 1
4 7 1 1 2 1
4 14 2 2 4 1
4 5 2 1 3 1
4 7 2 1 3 1
4 8 1 1 3 1
4 11 1 1 3 1
4 6 2 1 3 1
4 14 1 1 2 1
4 6 1 1 2 1
4 8 2 1 3 1
4 7 2 2 4 1
4 6 2 1 3 1
4 6 2 1 3 1
4 9 1 1 2 1
4 7 1 2 3 1
4 7 1 1 3 1
4 7 1 1 2 1
4 9 1 2 3 1
4 5 2 1 3 1
4 19 1 1 2 1
4 8 1 1 2 1
4 7 2 1 3 1
4 6 2 2 4 1
4 7 1 2 3 1
4 7 1 2 3 1
4 5 2 1 3 1
4 5 2 1 3 1
4 6 1 1 2 1
4 19 1 1 3 1
4 7 2 1 3 1
4 13 2 1 3 1
4 6 2 2 3 1
4 9 1 1 3 1
4 12 1 1 2 1
4 5 2 1 3 1
4 5 2 1 3 1
4 5 2 1 3 1
4 6 1 1 3 1
4 6 1 1 3 1
4 19 1 1 3 1
4 14 2 1 3 1
4 5 2 2 3 1
4 8 1 1 2 1
4 5 1 3 4 1
4 9 1 2 3 1
4 8 1 2 3 1
4 5 2 1 3 1
4 5 2 2 3 1
4 5 1 1 2 1
4 6 1 1 3 1
4 8 1 1 2 1
4 7 2 2 3 1
4 7 1 1 2 1
4 6 1 1 2 1
4 7 1 1 2 1
4 6 1 1 2 1
4 6 1 1 2 1
4 6 2 1 3 1
4 10 2 1 3 1
4 11 1 1 3 1
4 7 1 1 2 1
4 8 1 1 2 1
4 7 1 1 2 1
4 6 1 1 3 1
4 5 1 1 2 1
4 12 1 1 2 1
4 6 2 1 3 1
4 8 1 1 2 1
4 10 1 1 2 1
4 11 1 2 3 1
4 7 2 1 3 1
4 5 1 2 3 1
4 7 1 1 2 1
4 7 2 1 4 1
4 9 1 1 2 1
4 8 1 1 2 1
4 5 2 1 3 1
4 11 1 1 2 1
4 5 2 2 4 1
4 5 2 1 3 1
4 7 1 1 3 1
4 11 2 1 3 1
4 5 2 1 3 1
4 6 1 2 3 1
4 8 1 1 2 1
4 8 1 1 2 1
4 7 1 1 2 1
4 7 2 1 3 1
4 8 2 1 3 1
4 11 1 2 4 1
4 5 2 1 3 1
4 6 2 1 3 1
4 5 3 1 4 1
4 5 3 1 4 1
4 7 1 1 2 1
4 6 2 1 3 1
4 6 1 1 2 1
4 7 1 1 2 1
4 6 1 2 3 1
4 9 1 1 2 1
4 8 2 1 3 1
4 8 1 1 2 1
4 4 4 4 4 1
4 10 1 1 3 1
4 6 1 1 2 1
4 6 1 3 4 1
4 9 1 1 3 1
4 10 1 1 2 1
4 8 2 1 3 1
4 8 2 1 3 1
4 6 2 1 3 1
4 6 2 1 3 1
4 7 1 1 3 1
4 11 1 1 3 1
4 5 1 1 2 1
4 7 1 1 2 1
4 5 1 2 3 1
4 6 1 1 2 1
4 7 1 1 3 1
4 6 1 1 3 1
4 7 1 1 3 1
4 8 1 1 2 1
4 4 4 4 4 1
4 5 2 2 4 1
4 5 2 1 3 1
4 5 2 1 3 1
4 4 4 4 4 1
4 4 4 4 4 1
4 11 2 1 3 1
4 9 2 1 3 1
4 8 2 1 3 1
4 6 1 1 2 1
4 9 1 1 2 1
4 5 2 2 3 1
4 5 2 2 4 1
4 6 1 1 2 1
4 12 1 1 2 1
4 5 2 1 3 1
4 7 2 1 3 1
4 8 2 1 3 1
4 8 2 1 4 1
4 7 1 1 2 1
4 11 2 1 3 1
4 7 1 1 2 1
4 6 2 1 3 1
4 5 2 1 3 1
4 6 1 1 3 1
4 4 4 4 4 1
4 5 2 1 3 1
4 5 2 2 3 1
4 7 2 2 3 1
4 6 2 2 3 1
4 12 1 1 2 1
4 7 1 1 2 1
4 5 2 1 3 1
4 7 2 2 3 1
4 7 2 2 3 1
4 7 1 1 2 1
4 10 1 1 2 1
4 4 4 4 4 1
4 7 1 1 3 1
4 5 1 1 2 1
4 6 1 1 3 1
4 10 2 1 3 1
4 5 2 1 3 1
4 6 2 1 3 1
4 8 1 1 2 1
4 8 1 1 2 1
4 15 1 1 2 1
4 5 2 1 3 1
4 11 1 1 3 1
4 7 1 2 3 1
4 5 2 2 4 1
4 8 1 1 2 1
4 5 2 1 3 1
4 12 1 2 4 1
4 8 1 1 2 1
4 12 1 1 3 1
4 4 4 4 4 1
4 5 2 1 3 1
4 7 2 1 3 1
4 5 1 1 2 1
4 10 1 1 2 1
4 5 1 1 2 1
4 8 2 1 3 1
4 5 1 2 3 1
4 5 2 1 3 1
4 8 1 1 3 1
4 8 1 1 2 1
4 9 1 2 3 1
4 5 2 2 3 1
4 5 2 2 3 1
4 33 1 1 2 1
4 17 1 1 2 1
4 13 2 1 3 1
4 7 1 2 3 1
4 5 1 1 2 1
4 6 2 1 3 1
4 6 2 1 3 1
4 7 1 1 2 1
4 6 1 1 2 1
4 9 1 1 2 1
4 11 1 1 3 1
4 7 1 1 3 1
4 5 2 1 3 1
4 8 1 1 2 1
4 7 1 1 2 1
4 7 1 1 3 1
4 6 1 2 3 1
4 5 1 1 2 1
4 8 2 1 3 1
4 4 4 4 4 1
4 5 2 1 3 1
4 11 1 1 2 1
4 7 1 2 3 1
4 4 4 4 4 1
4 4 4 4 4 1
4 4 4 4 4 1
4 5 2 1 3 1
4 10 1 1 2 1
4 8 1 2 3 1
4 13 1 1 3 1
4 5 1 1 2 1
4 6 1 1 2 1
4 13 2 1 3 1
4 9 2 1 3 1
4 8 1 1 2 1
4 5 2 1 3 1
4 7 2 1 3 1
4 5 2 1 3 1
4 9 2 1 3 1
4 10 2 1 3 1
4 6 1 1 2 1
4 7 1 1 2 1
4 5 2 2 4 1
4 5 2 1 3 1
4 7 1 1 2 1
4 6 2 1 3 1
4 6 2 1 3 1
4 8 2 1 3 1
4 7 1 2 3 1
4 5 2 1 3 1
4 12 2 1 3 1
4 5 2 1 3 1
4 15 1 1 3 1
4 6 1 2 3 1
4 5 2 2 3 1
4 7 1 2 3 1
4 7 1 1 3 1
4 7 2 1 3 1
4 6 2 2 4 1
4 5 2 1 3 1
4 5 2 1 3 1
4 7 2 1 3 1
4 7 1 1 2 1
4 7 1 1 2 1
4 9 1 2 3 1
4 5 1 2 3 1
4 5 1 2 3 1
4 11 2 1 3 1
4 8 1 1 3 1
4 6 1 1 2 1
4 6 2 1 4 1
4 13 2 1 3 1
4 5 2 2 3 1
4 10 1 1 3 1
4 5 2 2 4 1
4 7 2 2 4 1
4 5 2 2 4 1
4 7 1 1 2 1
4 5 2 2 3 1
4 7 1 1 2 1
4 8 1 2 3 1
4 5 2 1 3 1
4 5 2 1 3 1
4 5 2 1 3 1
4 6 1 1 3 1
4 10 1 2 3 1
4 7 2 1 3 1
4 4 4 4 4 1
4 5 2 1 3 1
4 7 1 1 2 1
4 6 1 1 2 1
4 10 1 1 3 1
4 8 1 1 3 1
4 9 1 1 2 1
4 7 2 1 3 1
4 5 2 2 4 1
4 7 1 1 2 1
4 7 1 1 2 1
4 5 2 1 3 1
4 7 1 2 3 1
4 9 1 1 2 1
4 8 1 1 2 1
4 9 2 1 3 1
4 6 2 1 3 1
4 7 2 1 3 1
4 6 2 1 3 1
4 6 2 1 3 1
4 7 1 1 3 1
4 5 1 1 2 1
4 9 1 1 2 1
4 7 1 2 3 1
4 7 2 1 3 1
4 13 2 1 3 1
4 5 1 1 2 1
4 5 2 1 3 1
4 7 1 1 2 1
4 8 1 1 2 1
4 5 2 1 3 1
4 5 2 1 3 1
4 4 4 4 4 1
4 19 1 1 2 1
4 6 2 1 3 1
4 9 2 2 4 1
4 9 1 2 3 1
4 6 1 2 3 1
4 5 2 1 3 1
4 7 2 1 3 1
4 9 2 1 3 1
4 6 1 1 2 1
4 7 1 1 2 1
4 6 1 2 3 1
4 13 1 1 3 1
4 6 1 1 2 1
4 10 1 1 3 1
4 15 1 1 2 1
4 6 1 1 2 1
4 6 1 1 2 1
4 5 2 1 3 1
4 8 1 1 2 1
4 7 2 2 3 1
4 10 1 2 3 1
4 6 2 1 3 1
4 4 4 4 4 1
4 5 2 2 3 1
4 6 1 1 3 1
4 6 2 1 3 1
4 8 2 1 3 1
4 7 1 1 3 1
4 5 2 1 3 1
4 15 1 1 2 1
4 9 1 2 3 1
4 6 1 2 3 1
4 5 2 1 3 1
4 6 2 1 3 1
4 12 1 1 2 1
4 5 2 1 3 1
4 6 2 1 3 1
4 9 1 2 3 1
4 13 2 1 3 1
4 7 2 2 3 1
4 8 1 1 2 1
4 8 1 1 2 1
4 9 2 1 3 1
4 9 1 1 2 1
4 9 1 1 2 1
4 16 1 1 2 1
4 14 1 1 2 1
4 5 1 1 2 1
4 7 1 2 4 1
4 9 2 1 3 1
4 7 1 1 2 1
4 5 2 1 3 1
4 7 2 1 3 1
4 5 2 2 4 1
4 5 1 1 2 1
4 6 2 1 3 1
4 6 1 1 2 1
4 5 2 1 3 1
4 6 1 1 2 1
4 10 1 1 2 1
4 7 1 1 2 1
4 6 2 2 3 1
4 9 1 1 2 1
4 6 1 1 3 1
4 12 2 1 3 1
4 5 2 2 3 1
4 7 1 1 3 1
4 7 1 2 3 1
4 5 1 1 2 1
4 7 2 2 3 1
4 6 1 1 2 1
4 4 4 4 4 1
4 7 1 1 2 1
4 5 2 1 3 1
4 11 2 2 3 1
4 8 2 1 3 1
4 7 1 1 3 1
4 14 1 1 2 1
4 6 1 1 2 1
4 8 2 1 3 1
4 8 2 1 3 1
4 6 2 1 3 1
4 8 1 1 2 1
4 5 2 2 4 1
4 6 2 1 3 1
4 8 1 1 3 1
4 5 2 1 3 1
4 7 2 1 3 1
4 10 2 2 3 1
4 6 1 2 3 1
4 8 1 1 2 1
4 5 2 2 4 1
4 14 2 2 4 1
4 7 2 1 3 1
4 8 1 2 3 1
4 5 2 1 3 1
4 5 1 1 2 1
4 5 2 1 3 1
4 5 2 1 3 1
4 5 2 1 3 1
4 7 2 2 4 1
4 4 4 4 4 1
4 4 4 4 4 1
4 7 2 2 3 1
4 8 1 1 2 1
4 10 1 2 3 1
4 4 4 4 4 1
4 4 4 4 4 1
4 7 2 1 3 1
4 7 2 1 3 1
4 20 2 1 3 1
4 11 2 1 3 1
4 9 1 2 3 1
4 7 1 1 2 1
4 7 1 1 2 1
4 7 1 1 2 1
4 7 1 1 2 1
4 7 1 1 2 1
4 9 1 1 3 1
4 6 2 2 3 1
4 5 2 1 3 1
4 6 1 2 3 1
4 7 1 1 3 1
4 5 2 1 3 1
4 5 2 1 3 1
4 5 2 1 3 1
4 5 1 1 2 1
4 10 1 1 2 1
4 11 2 1 3 1
4 10 1 1 2 1
4 11 2 1 3 1
4 8 1 1 2 1
4 4 4 4 4 1
4 8 1 1 2 1
4 5 1 2 3 1
4 7 2 1 3 1
4 7 2 2 3 1
4 7 2 1 3 1
4 8 2 1 3 1
4 6 1 2 3 1
4 9 1 1 2 1
4 7 2 2 4 1
4 12 2 1 4 1
4 6 2 1 3 1
4 5 1 2 3 1
4 7 1 2 3 1
4 5 2 1 3 1
4 5 1 1 2 1
4 6 2 1 3 1
4 7 2 1 3 1
4 5 3 1 4 1
4 11 1 1 2 1
4 12 2 1 4 1
4 7 1 1 3 1
4 7 2 1 3 1
4 5 1 1 2 1
4 7 1 1 2 1
4 10 1 1 3 1
4 9 1 1 3 1
4 5 2 2 4 1
4 11 1 1 3 1
4 21 2 1 3 1
4 4 4 4 4 1
4 10 1 1 2 1
4 5 1 2 3 1
4 7 1 2 3 1
4 7 1 1 2 1
4 13 2 1 3 1
4 5 2 1 3 1
4 6 2 1 3 1
4 8 1 1 2 1
4 9 1 1 2 1
4 7 1 1 2 1
4 7 2 1 3 1
4 8 1 1 2 1
4 5 2 1 3 1
4 8 1 1 2 1
4 5 1 1 2 1
4 6 2 1 3 1
4 5 2 2 4 1
4 6 2 1 3 1
4 4 4 4 4 1
4 6 1 1 3 1
4 7 2 1 3 1
4 5 2 1 3 1
4 14 1 1 2 1
4 6 1 2 3 1
4 8 2 2 3 1
4 6 1 1 2 1
4 10 2 1 3 1
4 15 2 1 3 1
4 12 1 1 2 1
4 8 1 1 2 1
4 5 2 2 4 1
4 8 1 1 3 1
4 6 1 1 2 1
4 7 1 1 2 1
4 5 1 1 2 1
4 5 2 1 3 1
4 7 1 1 2 1
4 7 2 1 3 1
4 5 2 1 3 1
4 5 2 1 3 1
4 7 1 2 3 1
4 13 2 1 3 1
4 8 1 1 3 1
4 5 2 2 4 1
4 6 2 1 3 1
4 5 1 0 1 0
4 3 1 0 1 0
4 6 1 0 1 0
4 2 1 0 1 0
4 5 2 0 2 0
4 4 2 0 2 0
4 4 1 0 1 0
4 3 1 0 1 0
4 1 1 0 1 0
4 6 1 0 2 0
4 1 1 0 1 0
4 3 2 0 2 0
4 5 2 0 2 0
4 6 1 0 1 0
4 2 1 0 1 0
4 4 3 0 3 0
4 5 1 0 1 0
4 1 1 0 1 0
4 15 2 0 2 0
4 1 1 0 1 0
4 3 1 0 1 0
4 6 1 0 1 0
4 6 2 0 2 0
4 4 1 0 1 0
4 2 1 0 1 0
4 6 2 0 2 0
4 8 1 0 2 0
4 2 2 0 2 0
4 3 1 0 1 0
4 1 1 0 1 0
4 5 2 0 3 0
4 5 2 0 2 0
4 3 1 0 1 0
4 5 2 0 2 0
4 7 1 0 1 0
4 4 1 0 1 0
4 4 1 0 1 0
4 7 2 0 2 0
4 5 2 0 2 0
4 5 2 0 2 0
4 3 2 0 2 0
4 7 1 0 2 0
4 1 1 0 1 0
4 3 2 0 2 0
4 9 1 0 2 0
4 3 1 0 1 0
4 1 1 0 1 0
4 1 1 0 1 0
4 5 1 0 1 0
4 14 1 0 1 0
4 4 1 0 1 0
4 3 1 0 1 0
4 3 1 0 1 0
4 3 1 0 1 0
4 8 2 0 2 0
4 5 1 0 1 0
4 3 1 0 1 0
4 7 2 0 2 0
4 1 1 0 1 0
4 6 1 0 1 0
4 6 1 0 1 0
4 3 2 0 2 0
4 17 1 0 1 0
4 4 1 0 1 0
4 2 1 0 1 0
4 5 1 0 1 0
4 8 1 0 1 0
4 6 1 0 2 0
4 3 1 0 1 0
4 10 1 0 2 0
4 1 1 0 1 0
4 1 1 0 1 0
4 2 1 0 1 0
4 7 1 0 2 0
4 1 1 0 1 0
4 4 2 0 2 0
4 15 1 0 1 0
4 2 1 0 1 0
4 5 2 0 2 0
4 2 2 0 2 0
4 15 1 0 1 0
4 5 1 0 1 0
4 3 2 0 2 0
4 2 1 0 1 0
4 1 1 0 1 0
4 62 2 0 2 0
4 5 1 0 1 0
4 3 2 0 2 0
4 2 2 0 2 0
4 7 1 0 1 0
4 1 1 0 1 0
4 5 1 0 1 0
4 6 1 0 1 0
4 2 2 0 2 0
4 4 1 0 1 0
4 2 1 0 1 0
4 2 1 0 1 0
4 3 1 0 1 0
4 3 1 0 1 0
4 2 1 0 1 0
4 7 1 0 1 0
4 5 1 0 2 0
4 2 1 0 1 0
4 6 2 0 2 0
4 4 2 0 2 0
4 9 1 0 1 0
4 3 1 0 1 0
4 1 1 0 1 0
4 2 1 0 1 0
4 5 1 0 2 0
4 5 2 0 2 0
4 4 1 0 1 0
4 7 1 0 1 0
4 1 1 0 1 0
4 4 1 0 1 0
4 5 1 0 1 0
4 5 1 0 1 0
4 5 1 0 1 0
4 6 1 0 1 0
4 3 1 0 1 0
4 2 1 0 1 0
4 4 1 0 1 0
4 4 2 0 2 0
4 4 2 0 2 0
4 3 1 0 1 0
4 3 2 0 2 0
4 4 2 0 2 0
4 2 2 0 2 0
4 2 2 0 2 0
4 4 2 0 2 0
4 4 2 0 2 0
4 1 1 0 1 0
4 1 1 0 1 0
4 16 1 0 2 0
4 4 1 0 2 0
4 2 1 0 1 0
4 3 2 0 2 0
4 2 1 0 1 0
4 3 2 0 2 0
4 1 1 0 1 0
4 6 1 0 1 0
4 5 1 0 1 0
4 4 1 0 1 0
4 15 2 0 2 0
4 10 1 0 2 0
4 1 1 0 1 0
4 4 2 0 3 0
4 2 1 0 1 0
4 6 1 0 1 0
4 2 2 0 2 0
4 6 1 0 1 0
4 5 2 0 2 0
4 4 1 0 2 0
4 8 2 0 3 0
4 1 1 0 1 0
4 2 2 0 2 0
4 6 1 0 2 0
4 39 1 0 1 0
4 6 1 0 1 0
4 2 1 0 1 0
4 3 1 0 1 0
4 5 2 0 2 0
4 6 2 0 2 0
4 7 1 0 1 0
4 1 1 0 1 0
4 2 2 0 2 0
4 4 1 0 2 0
4 4 2 0 2 0
4 5 1 0 1 0
4 1 1 0 1 0
4 1 1 0 1 0
4 2 1 0 1 0
4 6 1 0 1 0
4 4 2 0 2 0
4 2 2 0 2 0
4 1 1 0 1 0
4 16 1 0 1 0
4 3 1 0 1 0
4 9 1 0 2 0
4 5 1 0 1 0
4 6 2 0 2 0
4 1 1 0 1 0
4 4 1 0 1 0
4 3 1 0 1 0
4 2 1 0 1 0
4 5 2 0 2 0
4 1 1 0 1 0
4 6 2 0 2 0
4 7 1 0 1 0
4 6 1 0 1 0
4 2 1 0 1 0
4 5 1 0 1 0
4 11 1 0 2 0
4 6 1 0 1 0
4 1 1 0 1 0
4 1 1 0 1 0
4 2 1 0 1 0
4 1 1 0 1 0
4 9 1 0 1 0
4 5 1 0 2 0
4 7 1 0 1 0
4 5 1 0 1 0
4 2 2 0 2 0
4 1 1 0 1 0
4 1 1 0 1 0
4 1 1 0 1 0
4 3 2 0 2 0
4 2 1 0 1 0
4 5 2 0 3 0
4 4 2 0 2 0
4 2 2 0 2 0
4 17 2 0 3 0
4 3 1 0 1 0
4 1 1 0 1 0
4 2 2 0 2 0
4 3 1 0 1 0
4 1 1 0 1 0
4 7 1 0 1 0
4 9 1 0 1 0
4 3 1 0 1 0
4 4 2 0 2 0
4 2 1 0 1 0
4 3 1 0 1 0
4 2 1 0 1 0
4 3 1 0 1 0
4 1 1 0 1 0
4 5 2 0 2 0
4 3 1 0 2 0
4 1 1 0 1 0
4 7 1 0 2 0
4 8 1 0 2 0
4 14 1 0 2 0
4 2 1 0 1 0
4 5 2 0 2 0
4 11 3 0 3 0
4 2 1 0 1 0
4 5 1 0 1 0
4 3 1 0 1 0
4 2 2 0 2 0
4 3 2 0 2 0
4 1 1 0 1 0
4 6 1 0 2 0
4 9 2 0 2 0
4 2 1 0 1 0
4 1 1 0 1 0
4 5 2 0 2 0
4 8 1 0 1 0
4 5 1 0 1 0
4 2 2 0 2 0
4 1 1 0 1 0
4 6 2 0 2 0
4 3 1 0 1 0
4 4 2 0 2 0
4 2 2 0 2 0
4 4 2 0 2 0
4 5 1 0 1 0
4 9 1 0 1 0
4 3 2 0 2 0
4 5 1 0 1 0
4 3 1 0 2 0
4 2 2 0 2 0
4 7 1 0 1 0
4 3 1 0 1 0
4 4 1 0 1 0
4 6 2 0 2 0
4 3 1 0 1 0
4 5 1 0 1 0
4 4 1 0 1 0
4 6 1 0 2 0
4 3 1 0 1 0
4 8 1 0 1 0
4 4 1 0 1 0
4 1 1 0 1 0
4 4 1 0 1 0
4 3 1 0 1 0
4 3 1 0 1 0
4 10 2 0 2 0
4 4 1 0 1 0
4 2 1 0 1 0
4 5 1 0 1 0
4 3 2 0 2 0
4 3 1 0 1 0
4 2 1 0 1 0
4 3 2 0 2 0
4 1 1 0 1 0
4 6 2 0 2 0
4 2 1 0 1 0
4 3 2 0 2 0
4 5 2 0 2 0
4 4 1 0 1 0
4 6 2 0 2 0
4 6 1 0 1 0
4 6 1 0 1 0
4 9 1 0 1 0
4 3 2 0 2 0
4 6 1 0 2 0
4 1 1 0 1 0
4 1 1 0 1 0
4 5 2 0 2 0
4 6 1 0 1 0
4 4 2 0 2 0
4 8 2 0 2 0
4 19 1 0 2 0
4 6 2 0 2 0
4 5 2 0 2 0
4 1 1 0 1 0
4 3 1 0 1 0
4 13 1 0 2 0
4 1 1 0 1 0
4 2 1 0 1 0
4 1 1 0 1 0
4 2 2 0 2 0
4 14 1 0 1 0
4 4 1 0 1 0
4 5 1 0 1 0
4 2 2 0 2 0
4 9 1 0 1 0
4 3 1 0 2 0
4 7 1 0 1 0
4 5 1 0 1 0
4 1 1 0 1 0
4 7 1 0 1 0
4 24 1 0 2 0
4 5 1 0 1 0
4 1 1 0 1 0
4 4 1 0 1 0
4 4 2 0 2 0
4 11 1 0 1 0
4 3 1 0 1 0
4 4 1 0 2 0
4 4 1 0 2 0
4 7 2 0 2 0
4 2 1 0 1 0
4 5 1 0 1 0
4 3 1 0 1 0
4 3 1 0 1 0
4 8 1 0 1 0
4 3 1 0 2 0
4 1 1 0 1 0
4 2 1 0 1 0
4 1 1 0 1 0
4 2 1 0 1 0
4 1 1 0 1 0
4 3 1 0 1 0
4 8 2 0 2 0
4 2 2 0 2 0
4 5 2 0 2 0
4 1 1 0 1 0
4 1 1 0 1 0
4 2 2 0 2 0
4 9 2 0 3 0
4 2 1 0 1 0
4 1 1 0 1 0
4 5 2 0 2 0
4 2 1 0 1 0
4 3 1 0 1 0
4 4 2 0 2 0
4 8 1 0 2 0
4 2 1 0 1 0
4 3 1 0 1 0
4 3 2 0 2 0
4 5 1 0 2 0
4 1 1 0 1 0
4 4 2 0 2 0
4 6 2 0 2 0
4 7 1 0 1 0
4 3 2 0 2 0
4 4 2 0 2 0
4 9 2 0 2 0
4 12 1 0 2 0
4 1 1 0 1 0
4 7 1 0 1 0
4 1 1 0 1 0
4 5 2 0 2 0
4 7 2 0 2 0
4 12 2 0 2 0
4 3 1 0 1 0
4 17 1 0 1 0
4 4 1 0 2 0
4 6 1 0 2 0
4 5 2 0 2 0
4 6 1 0 1 0
4 9 1 0 1 0
4 5 2 0 2 0
4 2 1 0 1 0
4 7 1 0 1 0
4 5 1 0 1 0
4 4 2 0 2 0
4 3 2 0 2 0
4 3 1 0 1 0
4 1 1 0 1 0
4 2 2 0 2 0
4 9 1 0 1 0
4 9 1 0 1 0
4 8 1 0 2 0
4 1 1 0 1 0
4 5 2 0 2 0
4 2 1 0 1 0
4 7 2 0 2 0
4 4 1 0 2 0
4 10 1 0 1 0
4 8 1 0 1 0
4 4 1 0 1 0
4 10 1 0 2 0
4 4 1 0 1 0
4 9 2 0 2 0
4 5 1 0 1 0
4 2 2 0 2 0
4 5 2 0 2 0
4 5 2 0 2 0
4 5 2 0 2 0
4 10 1 0 1 0
4 2 2 0 2 0
4 1 1 0 1 0
4 8 1 0 2 0
4 5 1 0 1 0
4 3 1 0 1 0
4 6 2 0 2 0
4 2 2 0 2 0
4 3 1 0 1 0
4 7 2 0 2 0
4 6 1 0 1 0
4 6 2 0 2 0
4 1 1 0 1 0
4 2 1 0 1 0
4 4 1 0 2 0
4 7 1 0 1 0
4 1 1 0 1 0
4 10 1 0 2 0
4 4 2 0 2 0
4 1 1 0 1 0
4 16 2 0 2 0
4 10 2 0 2 0
4 2 1 0 1 0
4 1 1 0 1 0
4 2 1 0 1 0
4 2 2 0 2 0
4 1 1 0 1 0
4 15 2 0 3 0
4 1 1 0 1 0
4 7 1 0 1 0
4 3 1 0 1 0
4 6 1 0 1 0
4 6 1 0 1 0
4 2 1 0 1 0
4 4 1 0 1 0
4 8 1 0 1 0
4 2 1 0 1 0
4 4 1 0 1 0
4 7 1 0 1 0
4 9 2 0 2 0
4 10 2 0 2 0
4 3 2 0 2 0
4 1 1 0 1 0
4 3 1 0 1 0
4 1 1 0 1 0
4 1 1 0 1 0
4 2 1 0 1 0
4 1 1 0 1 0
4 3 1 0 1 0
4 6 2 0 2 0
4 15 2 0 2 0
4 3 2 0 2 0
4 14 1 0 1 0
4 3 2 0 2 0
4 5 1 0 1 0
4 1 1 0 1 0
4 4 1 0 1 0
4 1 1 0 1 0
4 1 1 0 1 0
4 1 1 0 1 0
4 1 1 0 1 0
4 2 2 0 2 0
4 1 1 0 1 0
4 30 2 0 2 0
4 4 2 0 2 0
4 8 1 0 2 0
4 1 1 0 1 0
4 3 2 0 2 0
4 6 2 0 2 0
4 2 1 0 1 0
4 1 1 0 1 0
4 2 2 0 2 0
4 3 1 0 1 0
4 10 1 0 1 0
4 3 2 0 2 0
4 2 1 0 1 0
4 1 1 0 1 0
4 5 1 0 3 0
4 11 1 0 2 0
4 3 1 0 1 0
4 6 2 0 2 0
4 6 1 0 1 0
4 3 1 0 1 0
4 4 2 0 2 0
4 1 1 0 1 0
4 2 1 0 1 0
4 2 1 0 1 0
4 1 1 0 1 0
4 2 1 0 1 0
4 4 2 0 2 0
4 3 1 0 1 0
4 1 1 0 1 0
4 3 2 0 2 0
4 1 1 0 1 0
4 1 1 0 1 0
4 6 3 0 3 0
4 6 1 0 1 0
4 5 1 0 1 0
4 5 2 0 2 0
4 7 2 0 2 0
4 4 1 0 1 0
4 2 1 0 1 0
4 10 2 0 2 0
4 1 1 0 1 0
4 6 2 0 2 0
4 8 2 0 2 0
4 7 2 0 2 0
4 6 1 0 1 0
4 4 2 0 2 0
4 1 1 0 1 0
4 2 1 0 1 0
4 4 1 0 2 0
4 17 2 0 2 0
4 7 1 0 2 0
4 6 2 0 2 0
4 1 1 0 1 0
4 4 2 0 2 0
4 4 2 0 2 0
4 1 1 0 1 0
4 3 1 0 2 0
4 5 2 0 2 0
4 7 1 0 2 0
4 2 1 0 1 0
4 5 2 0 2 0
4 2 1 0 1 0
4 5 2 0 2 0
4 4 2 0 2 0
4 2 2 0 2 0
4 2 2 0 2 0
4 1 1 0 1 0
4 3 2 0 2 0
4 2 1 0 1 0
4 1 1 0 1 0
4 2 1 0 1 0
4 2 1 0 1 0
4 7 1 0 1 0
4 1 1 0 1 0
4 5 2 0 2 0
4 6 1 0 2 0
4 4 2 0 2 0
4 3 1 0 1 0
4 3 1 0 1 0
4 23 1 0 1 0
4 9 1 0 1 0
4 10 2 0 2 0
4 5 1 0 1 0
4 3 1 0 1 0
4 29 1 0 2 0
4 2 1 0 1 0
4 6 1 0 1 0
4 6 1 0 1 0
4 2 1 0 1 0
4 3 1 0 1 0
4 9 1 0 1 0
4 5 2 0 2 0
4 5 2 0 2 0
4 5 1 0 1 0
4 4 1 0 1 0
4 3 1 0 1 0
4 2 1 0 1 0
4 3 2 0 2 0
4 4 1 0 1 0
4 4 1 0 1 0
4 6 1 0 1 0
4 2 2 0 2 0
4 1 1 0 1 0
4 12 2 0 2 0
4 1 1 0 1 0
4 3 2 0 2 0
4 10 1 0 2 0
4 3 1 0 2 0
4 2 2 0 2 0
4 6 1 0 1 0
4 1 1 0 1 0
4 5 2 0 2 0
4 3 2 0 2 0
4 11 1 0 2 0
4 7 1 0 1 0
4 13 1 0 1 0
4 9 1 0 1 0
4 8 2 0 2 0
4 3 1 0 1 0
4 3 1 0 2 0
4 3 1 0 1 0
4 4 1 0 2 0
4 1 1 0 1 0
4 1 1 0 1 0
4 9 2 0 2 0
4 17 1 0 2 0
4 6 1 0 1 0
4 2 1 0 1 0
4 7 2 0 2 0
4 6 1 0 1 0
4 2 1 0 1 0
4 2 2 0 2 0
4 5 1 0 1 0
4 4 2 0 2 0
4 6 1 0 1 0
4 6 1 0 2 0
4 8 1 0 1 0
4 5 1 0 1 0
4 2 1 0 1 0
4 3 2 0 2 0
4 3 2 0 2 0
4 9 2 0 2 0
4 3 1 0 1 0
4 2 1 0 1 0
4 20 1 0 1 0
4 5 2 0 2 0
4 1 1 0 1 0
4 8 1 0 2 0
4 1 1 0 1 0
4 8 2 0 2 0
4 10 1 0 1 0
4 2 1 0 1 0
4 3 1 0 1 0
4 5 1 0 2 0
4 2 1 0 1 0
4 1 1 0 1 0
4 6 1 0 2 0
4 7 2 0 2 0
4 13 1 0 1 0
4 3 1 0 1 0
4 6 2 0 2 0
4 13 1 0 1 0
4 3 1 0 1 0
4 2 2 0 2 0
4 3 1 0 1 0
4 5 1 0 1 0
4 1 1 0 1 0
4 3 1 0 1 0
4 4 2 0 2 0
4 9 1 0 2 0
4 6 1 0 2 0
4 5 1 0 1 0
4 4 1 0 1 0
4 5 1 0 2 0
4 4 1 0 1 0
4 9 1 0 1 0
4 5 1 0 2 0
4 3 1 0 2 0
4 9 1 0 1 0
4 15 1 0 2 0
4 1 1 0 1 0
4 9 2 0 2 0
4 1 1 0 1 0
4 5 2 0 2 0
4 2 2 0 2 0
4 1 1 0 1 0
4 1 1 0 1 0
4 3 1 0 1 0
4 2 1 0 1 0
4 6 1 0 1 0
4 4 1 0 1 0
4 1 1 0 1 0
4 4 2 0 2 0
4 4 1 0 1 0
4 12 1 0 2 0
4 2 2 0 2 0
4 3 1 0 1 0
4 7 2 0 2 0
4 2 1 0 1 0
4 8 1 0 2 0
4 15 2 0 2 0
4 1 1 0 1 0
4 1 1 0 1 0
4 2 1 0 1 0
4 3 1 0 1 0
4 5 2 0 2 0
4 8 2 0 2 0
4 10 1 0 2 0
4 12 1 0 1 0
4 2 1 0 1 0
4 2 1 0 1 0
4 19 2 0 3 0
4 2 1 0 1 0
4 1 1 0 1 0
4 3 2 0 2 0
4 6 1 0 1 0
4 4 1 0 1 0
4 8 2 0 2 0
4 12 1 0 2 0
4 3 1 0 1 0
4 8 1 0 1 0
4 9 1 0 2 0
4 9 1 0 1 0
4 1 1 0 1 0
4 7 1 0 1 0
4 7 2 0 2 0
4 1 1 0 1 0
4 1 1 0 1 0
4 10 1 0 1 0
4 6 2 0 2 0
4 4 2 0 2 0
4 5 2 0 2 0
4 1 1 0 1 0
4 5 2 0 2 0
4 6 1 0 2 0
4 8 2 0 2 0
4 5 2 0 2 0
4 2 2 0 2 0
4 14 2 0 2 0
4 10 1 0 2 0
4 4 1 0 1 0
4 2 2 0 2 0
4 8 1 0 2 0
4 5 2 0 2 0
4 14 1 0 1 0
4 4 1 0 1 0
4 5 2 0 2 0
4 6 1 0 1 0
4 11 2 0 3 0
4 4 2 0 2 0
4 8 1 0 2 0
4 1 1 0 1 0
4 2 2 0 2 0
