4 8 1 1 2 1
4 4 4 4 4 1
4 6 2 1 3 1
4 5 1 1 2 1
4 7 1 1 3 1
4 7 1 1 3 1
4 6 1 1 3 1
4 5 1 1 2 1
4 5 3 1 4 1
4 11 1 1 2 1
4 6 2 1 3 1
4 5 1 2 3 1
4 6 1 1 2 1
4 6 1 1 3 1
4 7 1 1 3 1
4 7 1 1 3 1
4 6 1 1 3 1
4 5 1 2 3 1
4 5 2 1 3 1
4 6 1 1 3 1
4 5 1 1 2 1
4 5 2 2 3 1
4 5 1 1 2 1
4 7 2 1 3 1
4 4 4 4 4 1
4 4 4 4 4 1
4 5 3 1 4 1
4 4 4 4 4 1
4 4 4 4 4 1
4 7 2 1 4 1
4 6 2 1 3 1
4 6 1 1 2 1
4 6 1 1 2 1
4 5 1 1 2 1
4 6 1 1 2 1
4 5 1 1 2 1
4 5 1 1 2 1
4 7 2 1 3 1
4 6 2 1 4 1
4 4 4 4 4 1
4 6 1 3 4 1
4 9 1 1 3 1
4 7 1 1 3 1
4 6 2 2 4 1
4 4 4 4 4 1
4 6 1 1 2 1
4 5 3 1 4 1
4 1 1 0 1 0
4 2 1 0 1 0
4 7 1 0 1 0
4 1 1 0 1 0
4 1 1 0 1 0
4 3 1 0 1 0
4 5 1 0 1 0
4 3 1 0 1 0
4 5 1 0 1 0
4 1 1 0 1 0
4 7 1 0 1 0
4 5 1 0 2 0
