5 5 5 5 5 1
5 7 3 1 4 1
5 6 3 2 5 1
5 7 3 2 5 1
5 8 3 2 5 1
5 8 3 1 4 1
5 6 3 3 5 1
5 5 5 5 5 1
5 21 2 2 5 1
5 5 5 5 5 1
5 6 3 1 4 1
5 8 3 3 5 1
5 6 3 1 4 1
5 9 2 2 5 1
5 6 2 1 3 1
5 5 5 5 5 1
5 7 3 1 4 1
5 16 2 2 5 1
5 8 2 1 3 1
5 7 3 1 4 1
5 8 3 1 4 1
5 5 5 5 5 1
5 12 3 2 5 1
5 8 2 2 5 1
5 1 1 0 1 0
5 1 1 0 1 0
5 1 1 0 1 0
5 2 2 0 2 0
5 4 2 0 2 0
5 1 1 0 1 0
5 2 2 0 2 0
5 2 2 0 2 0
5 1 1 0 1 0
5 1 1 0 1 0
5 1 1 0 1 0
5 1 1 0 1 0
5 1 1 0 1 0
5 4 3 0 3 0
5 1 1 0 1 0
5 1 1 0 1 0
5 2 2 0 2 0
5 2 2 0 2 0
5 4 2 0 2 0
5 7 2 0 2 0
5 1 1 0 1 0
5 5 3 0 3 0
5 9 2 0 2 0
5 2 2 0 2 0
5 8 3 0 3 0
5 1 1 0 1 0
5 3 2 0 2 0
5 5 3 0 3 0
5 1 1 0 1 0
5 9 2 0 2 0
5 4 2 0 2 0
5 1 1 0 1 0
5 2 2 0 2 0
5 1 1 0 1 0
5 2 2 0 2 0
5 1 1 0 1 0
