5 11 2 2 4 1
5 6 2 2 3 1
5 6 3 2 4 1
5 5 5 5 5 1
5 5 5 5 5 1
5 7 3 3 5 1
5 7 3 2 4 1
5 5 5 5 5 1
5 5 5 5 5 1
5 5 5 5 5 1
5 5 5 5 5 1
5 5 5 5 5 1
5 14 3 3 4 1
5 8 3 2 4 1
5 6 2 2 4 1
5 9 3 3 4 1
5 10 2 3 5 1
5 9 2 3 4 1
5 15 2 2 4 1
5 6 2 1 3 1
5 8 3 2 4 1
5 7 2 2 4 1
5 5 5 5 5 1
5 6 2 2 3 1
5 6 2 3 4 1
5 7 3 2 4 1
5 5 5 5 5 1
5 11 3 2 4 1
5 8 2 3 4 1
5 5 5 5 5 1
5 5 5 5 5 1
5 5 5 5 5 1
5 5 5 5 5 1
5 5 5 5 5 1
5 5 5 5 5 1
5 5 5 5 5 1
5 6 2 3 4 1
5 10 2 2 4 1
5 7 2 4 5 1
5 13 2 2 4 1
5 14 2 2 3 1
5 5 5 5 5 1
5 13 2 2 4 1
5 5 5 5 5 1
5 6 2 2 4 1
5 7 3 1 4 1
5 5 5 5 5 1
5 8 3 3 5 1
5 7 3 3 5 1
5 7 2 2 4 1
5 5 5 5 5 1
5 6 3 3 5 1
5 11 2 2 4 1
5 8 3 3 5 1
5 6 2 2 4 1
5 8 3 3 4 1
5 6 2 2 4 1
5 5 5 5 5 1
5 5 5 5 5 1
5 5 5 5 5 1
5 5 5 5 5 1
5 5 5 5 5 1
5 8 3 2 4 1
5 8 3 2 4 1
5 8 2 3 4 1
5 19 2 2 4 1
5 9 3 2 4 1
5 7 3 2 4 1
5 7 2 2 4 1
5 4 3 0 3 0
5 5 2 0 2 0
5 2 2 0 2 0
5 6 2 0 2 0
5 11 2 0 3 0
5 2 2 0 2 0
5 1 1 0 1 0
5 2 2 0 2 0
5 5 2 0 2 0
5 1 1 0 1 0
5 11 2 0 2 0
5 1 1 0 1 0
5 5 3 0 3 0
5 9 2 0 2 0
5 2 2 0 2 0
5 3 2 0 2 0
5 3 3 0 3 0
5 2 2 0 2 0
5 10 2 0 2 0
5 3 3 0 3 0
5 3 3 0 3 0
5 1 1 0 1 0
5 2 2 0 2 0
5 4 2 0 2 0
5 9 2 0 2 0
5 1 1 0 1 0
5 7 2 0 2 0
5 4 2 0 2 0
5 3 3 0 3 0
5 1 1 0 1 0
5 23 2 0 3 0
5 2 2 0 2 0
5 5 3 0 3 0
5 1 1 0 1 0
5 1 1 0 1 0
5 1 1 0 1 0
5 4 2 0 2 0
5 3 3 0 3 0
5 4 2 0 2 0
5 8 2 0 2 0
5 7 3 0 3 0
5 6 2 0 2 0
5 13 3 0 3 0
5 3 2 0 2 0
5 13 3 0 3 0
5 2 2 0 2 0
5 13 2 0 2 0
5 3 2 0 2 0
5 2 2 0 2 0
5 20 3 0 3 0
5 6 3 0 3 0
5 12 3 0 3 0
5 5 2 0 2 0
5 2 2 0 2 0
5 3 3 0 3 0
5 4 2 0 2 0
