4 10 1 1 2 1
4 16 1 1 2 1
4 10 1 1 2 1
4 7 1 1 2 1
4 7 1 1 2 1
4 6 1 1 2 1
4 8 1 1 2 1
4 5 2 1 3 1
4 6 1 1 2 1
4 7 1 1 2 1
4 10 1 1 2 1
4 6 1 1 2 1
4 7 1 1 2 1
4 8 1 1 2 1
4 8 1 1 2 1
4 7 1 1 2 1
4 14 1 1 2 1
4 7 1 1 2 1
4 6 1 1 2 1
4 7 1 1 2 1
4 14 1 1 2 1
4 5 1 0 1 0
4 2 1 0 1 0
4 5 1 0 1 0
4 4 1 0 1 0
4 6 1 0 1 0
4 4 1 0 1 0
4 2 1 0 1 0
4 15 1 0 1 0
4 4 1 0 1 0
4 3 1 0 1 0
4 4 1 0 1 0
4 4 1 0 1 0
4 5 1 0 1 0
4 3 1 0 1 0
4 7 1 0 1 0
4 4 1 0 1 0
4 1 1 0 1 0
4 4 1 0 2 0
4 6 1 0 1 0
4 4 1 0 1 0
4 3 1 0 1 0
4 4 1 0 1 0
4 2 1 0 1 0
4 3 1 0 1 0
4 2 1 0 1 0
