4 6 1 1 2 1
4 9 1 1 2 1
4 5 1 1 2 1
4 5 1 1 2 1
4 5 1 1 2 1
4 10 1 1 2 1
4 5 1 1 2 1
4 5 1 1 2 1
4 6 1 1 2 1
4 8 1 1 2 1
4 5 1 1 2 1
4 5 1 1 2 1
4 5 1 1 2 1
4 6 1 1 2 1
4 5 1 1 2 1
4 6 1 1 2 1
4 5 1 1 2 1
4 5 1 1 2 1
4 5 1 1 2 1
4 8 1 1 2 1
4 5 1 1 2 1
4 6 1 1 2 1
4 17 1 1 2 1
4 5 1 1 2 1
4 5 1 1 2 1
4 10 1 1 2 1
4 5 1 1 2 1
4 5 1 1 2 1
4 31 2 1 3 1
4 5 1 1 2 1
4 8 1 1 2 1
4 6 1 1 2 1
4 5 1 1 2 1
4 10 1 1 2 1
4 6 1 1 2 1
4 8 1 1 2 1
4 5 1 1 2 1
4 6 1 1 2 1
4 6 1 1 2 1
4 3 1 0 1 0
4 4 1 0 1 0
4 4 1 0 1 0
4 9 1 0 1 0
4 3 1 0 1 0
4 2 1 0 1 0
4 5 1 0 1 0
4 1 1 0 1 0
4 2 1 0 1 0
4 10 1 0 1 0
4 7 1 0 1 0
4 1 1 0 1 0
