3 7 1 1 2 1
3 16 2 1 3 1
3 4 1 1 2 1
3 4 1 1 2 1
3 7 1 1 2 1
3 9 1 1 2 1
3 7 1 1 2 1
3 8 1 1 2 1
3 6 1 1 2 1
3 5 1 1 2 1
3 5 1 1 2 1
3 10 1 1 2 1
3 8 1 1 2 1
3 5 1 1 2 1
3 9 1 1 2 1
3 9 2 1 3 1
3 9 1 1 2 1
3 3 3 3 3 1
3 13 1 1 2 1
3 18 1 1 2 1
3 15 1 1 2 1
3 4 1 1 2 1
3 5 1 1 2 1
3 8 1 1 2 1
3 10 1 1 2 1
3 5 1 1 2 1
3 8 1 1 2 1
3 9 1 1 2 1
3 5 1 1 2 1
3 7 1 1 2 1
3 8 1 1 3 1
3 10 1 1 2 1
3 12 1 1 2 1
3 9 1 2 3 1
3 3 3 3 3 1
3 3 3 3 3 1
3 3 3 3 3 1
3 3 3 3 3 1
3 3 3 3 3 1
3 3 3 3 3 1
3 7 1 1 2 1
3 10 1 1 2 1
3 3 3 3 3 1
3 10 1 1 2 1
3 8 1 1 2 1
3 9 1 1 3 1
3 8 1 1 3 1
3 9 1 1 2 1
3 3 3 3 3 1
3 6 1 1 2 1
3 18 1 1 2 1
3 4 1 1 2 1
3 3 3 3 3 1
3 3 3 3 3 1
3 3 3 3 3 1
3 3 3 3 3 1
3 8 1 1 2 1
3 5 1 0 1 0
3 5 1 0 1 0
3 2 1 0 1 0
3 1 1 0 1 0
3 1 1 0 1 0
3 1 1 0 1 0
3 1 1 0 1 0
3 4 1 0 1 0
3 3 1 0 1 0
3 9 1 0 1 0
3 1 1 0 1 0
3 1 1 0 1 0
3 5 1 0 1 0
3 4 1 0 1 0
3 2 1 0 1 0
3 3 1 0 1 0
3 6 1 0 1 0
3 3 1 0 1 0
3 7 1 0 1 0
3 10 1 0 1 0
3 3 1 0 1 0
3 5 1 0 1 0
3 3 1 0 1 0
3 3 1 0 1 0
3 1 1 0 1 0
3 1 1 0 1 0
3 6 1 0 1 0
3 2 1 0 1 0
3 8 1 0 1 0
3 1 1 0 1 0
3 18 1 0 2 0
3 5 1 0 1 0
3 1 1 0 1 0
3 8 1 0 1 0
3 1 1 0 1 0
3 2 1 0 1 0
3 2 1 0 1 0
3 6 1 0 1 0
3 4 1 0 2 0
3 3 1 0 1 0
3 1 1 0 1 0
3 3 1 0 1 0
3 3 1 0 1 0
