4 18 1 1 3 1
4 7 2 1 3 1
4 6 1 1 2 1
4 7 2 1 3 1
4 6 1 1 2 1
4 7 2 1 3 1
4 17 2 1 3 1
4 7 1 3 4 1
4 5 2 1 3 1
4 6 1 1 2 1
4 8 2 1 3 1
4 6 2 2 3 1
4 11 1 1 2 1
4 15 2 1 3 1
4 4 4 4 4 1
4 6 2 1 3 1
4 8 1 1 3 1
4 8 1 2 3 1
4 9 2 1 3 1
4 5 1 1 2 1
4 10 2 2 4 1
4 8 2 1 3 1
4 5 2 1 3 1
4 14 2 2 4 1
4 4 4 4 4 1
4 10 1 1 3 1
4 5 2 1 3 1
4 15 1 1 3 1
4 4 4 4 4 1
4 10 2 1 3 1
4 12 2 1 3 1
4 9 1 1 3 1
4 4 4 4 4 1
4 7 2 1 3 1
4 5 1 1 2 1
4 6 2 1 3 1
4 8 1 1 2 1
4 5 2 1 3 1
4 5 1 2 3 1
4 5 2 1 3 1
4 10 2 1 3 1
4 5 2 2 3 1
4 4 4 4 4 1
4 4 4 4 4 1
4 10 2 3 4 1
4 4 4 4 4 1
4 4 4 4 4 1
4 6 2 2 3 1
4 7 1 1 2 1
4 8 1 1 2 1
4 13 1 1 3 1
4 6 2 1 3 1
4 6 2 1 3 1
4 2 1 0 1 0
4 12 2 0 2 0
4 5 1 0 1 0
4 8 2 0 2 0
4 4 2 0 2 0
4 1 1 0 1 0
4 3 1 0 1 0
4 2 1 0 1 0
4 2 2 0 2 0
4 5 2 0 2 0
4 3 1 0 1 0
4 1 1 0 1 0
4 2 1 0 1 0
4 3 1 0 1 0
4 5 1 0 1 0
4 2 1 0 1 0
4 2 1 0 1 0
4 3 1 0 1 0
4 2 1 0 1 0
4 7 2 0 2 0
4 3 1 0 1 0
4 7 1 0 2 0
4 1 1 0 1 0
4 3 1 0 1 0
4 3 1 0 1 0
4 7 2 0 2 0
4 2 2 0 2 0
4 4 2 0 2 0
4 5 2 0 2 0
4 8 1 0 1 0
4 5 1 0 2 0
4 4 1 0 1 0
4 1 1 0 1 0
4 6 2 0 2 0
4 8 1 0 1 0
4 5 1 0 2 0
