4 8 1 1 2 1
4 5 1 1 2 1
4 6 1 1 2 1
4 5 1 1 2 1
4 5 1 1 2 1
4 5 1 1 2 1
4 6 1 1 2 1
4 17 1 1 2 1
4 5 1 1 2 1
4 11 1 1 2 1
4 8 1 1 2 1
4 7 1 1 2 1
4 6 2 1 3 1
4 11 1 1 2 1
4 5 2 1 3 1
4 8 1 1 2 1
4 5 1 1 2 1
4 9 1 1 2 1
4 22 1 1 3 1
4 6 1 1 2 1
4 7 1 1 2 1
4 5 1 1 2 1
4 5 1 1 2 1
4 6 2 1 3 1
4 9 1 1 2 1
4 7 1 1 2 1
4 11 1 1 2 1
4 6 2 1 3 1
4 7 1 1 2 1
4 5 1 1 2 1
4 6 1 1 2 1
4 5 1 1 2 1
4 5 1 1 2 1
4 5 1 1 2 1
4 7 1 1 2 1
4 5 1 1 2 1
4 5 1 1 2 1
4 5 1 1 2 1
4 6 1 1 2 1
4 6 1 1 2 1
4 13 1 1 2 1
4 9 1 1 2 1
4 7 1 1 2 1
4 8 1 1 2 1
4 9 2 1 3 1
4 6 1 1 2 1
4 6 1 1 2 1
4 6 1 0 1 0
4 3 1 0 1 0
4 4 1 0 1 0
4 6 1 0 1 0
4 1 1 0 1 0
4 1 1 0 1 0
4 6 1 0 1 0
4 4 1 0 1 0
4 4 1 0 1 0
4 1 1 0 1 0
4 9 1 0 1 0
4 4 1 0 1 0
4 2 1 0 1 0
4 1 1 0 1 0
4 3 1 0 1 0
4 4 1 0 1 0
4 6 2 0 2 0
4 2 1 0 1 0
4 3 1 0 1 0
4 4 1 0 1 0
4 2 1 0 1 0
4 4 1 0 1 0
4 6 1 0 1 0
4 4 2 0 2 0
