3 6 1 1 2 1
3 7 1 1 2 1
3 7 1 1 2 1
3 8 1 1 2 1
3 5 1 1 2 1
3 7 1 1 2 1
3 6 1 1 2 1
3 12 1 1 2 1
3 6 1 1 2 1
3 11 1 1 2 1
3 5 1 1 2 1
3 7 1 1 2 1
3 5 1 1 2 1
3 3 3 3 3 1
3 5 1 1 2 1
3 7 2 1 3 1
3 5 1 1 2 1
3 5 1 1 2 1
3 5 1 1 2 1
3 7 1 1 2 1
3 7 1 1 2 1
3 11 1 1 2 1
3 6 1 1 2 1
3 6 1 1 2 1
3 8 1 1 2 1
3 5 1 1 2 1
3 6 1 1 2 1
3 7 1 1 2 1
3 5 1 1 2 1
3 7 1 1 2 1
3 6 1 1 2 1
3 8 1 1 2 1
3 6 1 1 2 1
3 5 1 1 2 1
3 2 1 0 1 0
3 1 1 0 1 0
3 4 1 0 1 0
3 6 1 0 1 0
3 1 1 0 1 0
3 2 1 0 1 0
3 1 1 0 1 0
3 7 1 0 1 0
3 1 1 0 1 0
3 2 1 0 1 0
3 2 1 0 1 0
3 3 1 0 1 0
3 2 1 0 1 0
