4 11 1 2 3 1
4 10 2 2 4 1
4 6 1 1 2 1
4 4 4 4 4 1
4 4 4 4 4 1
4 4 4 4 4 1
4 6 2 1 3 1
4 6 2 3 4 1
4 6 2 2 3 1
4 4 4 4 4 1
4 5 2 2 3 1
4 5 2 2 4 1
4 4 4 4 4 1
4 4 4 4 4 1
4 4 4 4 4 1
4 4 4 4 4 1
4 6 1 1 2 1
4 5 2 2 3 1
4 5 2 2 3 1
4 8 2 2 4 1
4 5 2 2 3 1
4 5 2 2 3 1
4 5 2 2 4 1
4 4 4 4 4 1
4 4 4 4 4 1
4 4 4 4 4 1
4 4 4 4 4 1
4 6 2 2 4 1
4 5 2 2 3 1
4 4 4 4 4 1
4 5 1 2 3 1
4 6 1 1 2 1
4 4 4 4 4 1
4 6 1 2 3 1
4 4 4 4 4 1
4 4 4 4 4 1
4 4 4 4 4 1
4 5 1 2 3 1
4 5 1 2 3 1
4 6 2 2 4 1
4 4 4 4 4 1
4 4 4 4 4 1
4 7 2 2 3 1
4 4 4 4 4 1
4 4 4 4 4 1
4 5 2 2 3 1
4 4 4 4 4 1
4 4 4 4 4 1
4 4 4 4 4 1
4 8 2 2 3 1
4 4 4 4 4 1
4 1 1 0 1 0
4 6 1 0 1 0
4 2 2 0 2 0
4 1 1 0 1 0
